1
   Sn12+  4p64d2           nconf=  1    z= 50    ncores= 8    nvales= 1    ion=12    r(i)/x(i)=0.24031862      ca1=0.700

 tolstb=1.000   tolk-2=0.20000   tolend= 0.5E-07   thresh= 0.1E-10   kut=-1    exf=0.650   corrf=1.000      ca0= 0.500

0rcn mod 36  ihf1= 2        mesh= 641   idb= 641   rdb=1574.928   emx=   0.00   r(mesh)=1574.928     irel= 1     ib= 641
0hfr      energy = e(av)


0    t(run)=  0.01,     t(job)=   0.01 seconds
1Sn12+  4p64d2         nconf=  1      z= 50     ion=12     kut=-1      exf=0.650     corrf=1.000   ca1=0.700   ca0=0.500



                           rscore(i)           rsvale(i)           rsatom(i)           pnl( 1s)            pnl( 2s) 
    r (a0)    nc          1         6         1         6         1         6         1         6         1         6


    0.0000     0       0.00000   9.85864   0.00000   0.00000   0.00000   9.85864  0.000000  2.079645  0.000000  0.696751
    0.0060     1      26.60081  42.00915   0.00000   0.00000  26.60081  42.00915  3.418559  4.296944  1.126569  1.380935
    0.0120     2      53.38518  60.39106   0.00001   0.00005  53.38519  60.39110  4.839714  5.133409  1.501039  1.516635
    0.0180     3      63.69761  64.30863   0.00012   0.00028  63.69773  64.30890  5.242366  5.215638  1.450999  1.322897
    0.0240     4      63.22768  59.20782   0.00056   0.00175  63.22824  59.20957  5.090998  4.658001  1.147663  0.703974
    0.0360     5      56.10728  55.68935   0.00430   0.00892  56.11158  55.69827  4.104975  3.525751  0.196204 -0.324996
    0.0481     6      57.99414  62.22751   0.01641   0.02751  58.01055  62.25503  2.972200  2.470370 -0.826164 -1.285968
    0.0601     7      67.36028  72.45719   0.04290   0.06307  67.40318  72.52026  2.030731  1.654673 -1.692510 -2.040180
    0.0721     8      76.81973  81.86202   0.08835   0.15445  76.90808  82.01647  1.338608  0.861443 -2.327713 -2.730847
    0.0961     9      81.62809  77.42572   0.23956   0.33913  81.86764  77.76485  0.545073  0.340669 -2.933324 -2.977191
    0.1202    10      71.26811  64.98101   0.44664   0.55464  71.71475  65.53565  0.210970   Eav & pars     4 -12250.6132 0116.3778 1 78.6925 1  4.8679 2
 finished  Sn12+  4p64d2   at   t(run)=  0.03,     t(job)=   0.03 seconds


 Sn12+  4p54d3      Z= 50   Ion stage= 12   Noelec= 38   IREL=1   EMX=  0.00   IDB= 641   R( 641)=1574.9

  it  time   delta  idel kut itp  1s    2s    2p    3s    3p    3d    4s    4p    4d
                                   2.    2.    6.    2.    6.   10.    2.    5.    3.
   1  0.00 -0.524518 135  0   1  0.400 0.000 0.000 0.000 0.000 0.000 0.000 0.000 0.000
   2  0.00  0.282834 114  0   1  0.400 0.000 0.000 0.000 0.000 0.000 0.000 0.000 0.000
   3  0.00  0.159960 113  0   2  0.320 0.320 0.320 0.320 0.320 0.320 0.320 0.320 0.320
   4  0.00 -0.031239 117 -1   2  0.320 0.320 0.320 0.320 0.320 0.320 0.320 0.320 0.320
   5  0.01 -0.024157 115 -1   3  0.480 0.320 0.480 0.480 0.480 0.480 0.480 0.480 0.480
   6  0.01 -0.008787 105 -1   4  0.720 0.213 0.720 0.720 0.720 0.720 0.720 0.720 0.720
   7  0.01  0.003998 152 -1   5  0.720 0.320 1.000 1.000 1.000 1.000 1.000 1.000 1.000
   8  0.01 -0.001180  93 -1   6  0.720 0.480 1.000 1.000 1.000 1.000 1.000 1.000 1.000
   9  0.01  0.000284 149 -1   7  1.000 0.720 1.000 1.000 0.667 0.667 0.667 0.667 0.667
  10  0.01  0.000137  83 -1   8  1.000 1.000 1.000 1.000 0.667 0.667 0.667 0.667 0.667
  11  0.01 -0.000016 146 -1   9  1.000 1.000 0.667 1.000 0.667 0.444 0.444 0.667 0.667
  12  0.01 -0.000013  85 -1  10  0.667 0.667 1.000 1.000 0.667 0.667 0.667 0.667 0.667
  13  0.02  0.000002 132 -1  11  0.667 0.667 1.000 0.667 0.444 0.667 0.667 0.444 1.000
  14  0.02 -0.000000  79 -1  12  0.667 1.000 1.000 0.667 0.667 0.444 0.444 0.667 0.667
  15  0.02  0.000000  96 -1  13  1.000 0.667 0.667 1.000 1.000 0.667 0.667 1.000 1.000
  16  0.02 -0.000000 145 -1  14  0.667 0.667 0.444 1.000 0.667 1.000 1.000 1.000 1.000
  17  0.02  0.000000 143 -1  15  1.000 1.000 0.667 0.667 0.667 1.000 0.667 0.667 0.667
 Eav & pars     8 -12245.0958 0116.4412 1 78.7303 1 47.6013 2  4.8860 2
 121.5163 3154.1609 4 97.2626 4
 finished  Sn12+  4p54d3   at   t(run)=  0.03,     t(job)=   0.06 seconds


 Sn12+  4d14f1      Z= 50   Ion stage= 12   Noelec= 38   IREL=1   EMX=  0.00   IDB= 641   R( 641)=1574.9

  it  time   delta  idel kut itp  1s    2s    2p    3s    3p    3d    4s    4p    4d    4f
                                   2.    2.    6.    2.    6.   10.    2.    6.    1.    1.
   1  0.00 -0.547900 125  0   1  0.400 0.000 0.000 0.000 0.000 0.000 0.000 0.000 0.000 0.000
   2  0.00  0.270333 118  0   1  0.400 0.000 0.000 0.000 0.000 0.000 0.000 0.000 0.000 0.000
   3  0.00  0.151723 117  0   2  0.320 0.320 0.320 0.320 0.320 0.320 0.320 0.320 0.320 0.320
   4  0.00 -0.031079 118 -1   2  0.320 0.320 0.320 0.320 0.320 0.320 0.320 0.320 0.320 0.320
   5  0.00 -0.023919 116 -1   3  0.480 0.320 0.480 0.480 0.480 0.480 0.480 0.480 0.480 0.480
   6  0.00 -0.008563 105 -1   4  0.720 0.213 0.720 0.720 0.720 0.720 0.720 0.720 0.720 0.720
   7  0.02  0.003883 151 -1   5  0.720 0.320 1.000 1.000 1.000 1.000 1.000 1.000 1.000 1.000
   8  0.02 -0.001208  93 -1   6  0.720 0.480 1.000 1.000 1.000 1.000 1.000 1.000 1.000 1.000
   9  0.02  0.000303 148 -1   7  1.000 0.720 1.000 1.000 0.667 0.667 0.667 0.667 0.667 0.667
  10  0.02  0.000135  82 -1   8  1.000 1.000 1.000 1.000 0.667 0.667 0.667 0.667 0.667 0.667
  11  0.02 -0.000015 146 -1   9  1.000 1.000 0.667 1.000 0.667 0.444 0.444 0.667 0.667 0.444
  12  0.02 -0.000013  85 -1  10  0.667 0.667 1.000 1.000 0.667 0.667 0.667 0.667 0.667 0.667
  13  0.02  0.000001 131 -1  11  0.667 0.667 1.000 0.667 0.444 0.667 0.667 0.444 1.000 0.667
  14  0.03  0.000000 140 -1  12  0.667 1.000 1.000 1.000 0.667 0.444 0.667 0.667 1.000 0.444
  15  0.03  0.000000  95 -1  13  1.000 0.667 1.000 1.000 1.000 0.667 1.000 1.000 1.000 0.667
  16  0.03 -0.000000 150 -1  14  0.667 0.667 0.667 0.667 0.667 1.000 1.000 1.000 1.000 1.000
  17  0.03  0.000000 171 -1  15  1.000 0.667 1.000 0.667 0.667 0.667 0.667 0.667 0.667 1.000
 Eav & pars     8 -12244.6765 0  4.9063 2  0.3873 2107.5998 3 70.5537 3
 127.5268 4 82.0396 4 58.6482 4
 finished  Sn12+  4d14f1   at   t(run)=  0.05,     t(job)=   0.11 seconds
.
Finished at                                   0:00:23.72, Thu 07/17/2025
Time spent:                                  0 hr 0 min 0.13 sec
      2.284267  2.496366 -0.437203 -0.635190  0.970062  1.032588  0.195110  0.253168 -0.210696 -0.302386
    0.0601     7      2.664633  2.790820 -0.800872 -0.931117  1.067879  1.076926  0.316863  0.385226 -0.378098 -0.436328
    0.0721     8      2.877823  2.948876 -1.025098 -1.108581  1.061421  0.965564  0.457290  0.608823 -0.476700 -0.506103
    0.0961     9      2.908941  2.788416 -1.068824 -0.930867  0.799714  0.583754  0.764612  0.918873 -0.475249 -0.396957
    0.1202    10      2.613865  2.406977 -0.721085 -0.463967  0.335949  0.071997  1.066980  1.205418 -0.284854 -0.151723
    0.1442    11      2.184577  1.959134 -0.180628  0.111681 -0.195243 -0.455763  1.331673  1.444093 -0.008701  0.134999
    0.1682    12      1.739455  1.338561  0.399502  0.924681 -0.702098 -1.133001  1.541750  1.691847  0.272174  0.506989
    0.2163    13      1.004761  0.740348  1.347776  1.653993 -1.465986 -1.698382  1.784057  1.824677  0.670433  0.755284
    0.2644    14      0.537917  0.386664  1.847901  1.944046 -1.838587 -1.900321  1.821908  1.784376  0.765637  0.711756
    0.3124    15      0.275657  0.195273  1.960849  1.916992 -1.898970 -1.849457  1.720264  1.636870  0.606549  0.463352
    0.3605    16      0.137651  0.067664  1.829490  1.578836 -1.765136 -1.535313  1.540435  1.328080  0.294650 -0.076838
    0.4566    17      0.032836  0.015591  1.293129  1.020383 -1.275918 -1.025888  1.113057  0.912763 -0.440966 -0.758121
    0.5527    18      0.007246  0.003318  0.783207  0.588627 -0.804616 -0.619102  0.735821  0.585148 -1.008778 -1.187802
    0.6489    19      0.001503  0.000675  0.435226  0.317717 -0.469263 -0.351479  0.460242  0.358778 -1.299022 -1.351131
    0.7450    20      0.000302  0.000059  0.229618  0.117329 -0.260762 -0.140469  0.277642  0.163441 -1.354846 -1.260018
    0.9372    21      0.000012  0.000002  0.058797  0.029090 -0.074145 -0.038593  0.094583  0.054055 -1.089387 -0.895211
    1.1295    22      0.000000  0.000000  0.014142  0.006706 -0.019832 -0.009993  0.030580  0.017108 -0.708497 -0.544646
    1.3218    23      0.000000  0.000000  0.003122  0.001433 -0.004947 -0.002417  0.009431  0.005135 -0.409051 -0.301393
    1.5140    24      0.000000  0.000000  0.000651  0.000131 -0.001169 -0.000268  0.002770  0.000789 -0.218537 -0.110485
    1.8985    25      0.000000  0.000000  0.000026  0.000005 -0.000060 -0.000013  0.000220  0.000060 -0.053583 -0.025145
    2.2830    26      0.000000  0.000000  0.000001  0.000000 -0.000003 -0.000001  0.000016  0.000004 -0.011467 -0.005093
    2.6675    27      0.000000  0.000000  0.000000  0.000000 -0.000000 -0.000000  0.000001  0.000000 -0.002217 -0.000950
    3.0520    28      0.000000  0.000000  0.000000  0.000000 -0.000000 -0.000000  0.000000  0.000000 -0.000402 -0.000070
    3.8211    29      0.000000  0.000000  0.000000  0.000000 -0.000000 -0.000000  0.000000  0.000000 -0.000012 -0.000002
    4.5901    30      0.000000  0.000000  0.000000  0.000000 -0.000000 -0.000000  0.000000  0.000000 -0.000000 -0.000000
    5.3591    31      0.000000  0.000000  0.000000  0.000000 -0.000000 -0.000000  0.000000  0.000000 -0.000000 -0.000000
    6.1281    32      0.000000  0.000000  0.000000  0.000000  0.000000  0.000000  0.000000  0.000000 -0.000000 -0.000000
    7.6662    33      0.000000  0.000000  0.000000  0.000000  0.000000  0.000000  0.000000  0.000000 -0.000000 -0.000000
    9.2042    34      0.000000  0.000000  0.000000  0.000000  0.000000  0.000000  0.000000  0.000000 -0.000000 -0.000000
   10.7422    35      0.000000  0.000000  0.000000  0.000000  0.000000  0.000000  0.000000  0.000000 -0.000000 -0.000000
   12.2803    36      0.000000  0.000000  0.000000  0.000000  0.000000  0.000000  0.000000  0.000000  0.000000  0.000000
1Sn12+  4p64d2         nconf=  1      z= 50     ion=12     kut=-1      exf=0.650     corrf=1.000   ca1=0.700   ca0=0.500



                           pnl( 4p)            pnl( 4d) 
    r (a0)    nc          1         6         1         6         1         6         1         6         1         6


    0.0000     0      0.000000  0.006399  0.000000  0.000049
    0.0060     1      0.022993  0.047063  0.000363  0.001154
    0.0120     2      0.076497  0.109563  0.002586  0.004784
    0.0180     3      0.144828  0.181106  0.007840  0.011819
    0.0240     4      0.217415  0.287049  0.016762  0.029606
    0.0360     5      0.348953  0.400136  0.046352  0.066790
    0.0481     6      0.438933  0.464648  0.090576  0.117288
    0.0601     7      0.477288  0.477360  0.146453  0.177580
    0.0721     8      0.465713  0.411672  0.210177  0.277894
    0.0961     9      0.324912  0.215495  0.346091  0.411784
    0.1202    10      0.092748 -0.035224  0.472569  0.526613
    0.1442    11     -0.161730 -0.281550  0.572601  0.609677
    0.1682    12     -0.390744 -0.567123  0.637373  0.664279
    0.2163    13     -0.679502 -0.727213  0.654860  0.613095
    0.2644    14     -0.716008 -0.654943  0.544152  0.453559
    0.3124    15     -0.554299 -0.424292  0.346693  0.228506
    0.3605    16     -0.274348  0.053437  0.103385 -0.152729
    0.4566    17      0.377528  0.666620 -0.398321 -0.618654
    0.5527    18      0.903803  1.083036 -0.805172 -0.954260
    0.6489    19      1.205440  1.276393 -1.065815 -1.142047
    0.7450    20      1.303404  1.258204 -1.186550 -1.197678
    0.9372    21      1.130147  0.965462 -1.134022 -1.026071
    1.1295    22      0.794701  0.635588 -0.897194 -0.763721
    1.3218    23      0.496746  0.380938 -0.636097 -0.520289
    1.5140    24      0.287512  0.157521 -0.419078 -0.261751
    1.8985    25      0.082800  0.042130 -0.156931 -0.091075
    2.2830    26      0.020878  0.010118 -0.051472 -0.028454
    2.6675    27      0.004810  0.002251 -0.015439 -0.008243
    3.0520    28      0.001039  0.000214 -0.004340 -0.001162
    3.8211    29      0.000043  0.000008 -0.000300 -0.000075
    4.5901    30      0.000002  0.000000 -0.000018 -0.000004
    5.3591    31      0.000000  0.000000 -0.000001 -0.000000
    6.1281    32      0.000000  0.000000 -0.000000 -0.000000
    7.6662    33      0.000000  0.000000 -0.000000 -0.000000
    9.2042    34      0.000000  0.000000 -0.000000 -0.000000
   10.7422    35      0.000000  0.000000 -0.000000 -0.000000
   12.2803    36      0.000000  0.000000  0.000000  0.000000
1Sn12+  4p64d2         nconf=  1      z= 50     ion=12     kut=-1      exf=0.650     corrf=1.000   ca1=0.700   ca0=0.500






  nl   wnl         ee          az      (r-3)      (r-2)      (r-1)      (r+1)      (r+2)      (r+3)      (r+4)      (r+6)

  1s    2.   -2176.60326   1005.967  0.000E+00  6.061E+03  5.299E+01  2.909E-02  1.145E-03  5.695E-05  3.425E-06  1.963E-08
  2s    2.    -351.98327    340.299  0.000E+00  6.770E+02  1.212E+01  1.254E-01  1.854E-02  3.120E-03  5.915E-04  2.949E-05
  2p    6.    -317.96113   4070.192  4.497E+03  1.834E+02  1.159E+01  1.098E-01  1.472E-02  2.335E-03  4.294E-04  2.124E-05
  3s    2.     -85.79944    150.618  0.000E+00  1.343E+02  4.340E+00  3.365E-01  1.293E-01  5.480E-02  2.539E-02  7.037E-03
  3p    6.     -74.32230   1882.285  8.385E+02  3.629E+01  4.115E+00  3.347E-01  1.297E-01  5.601E-02  2.668E-02  7.994E-03
  3d   10.     -56.51523   4337.637  1.204E+02  1.890E+01  3.886E+00  3.118E-01  1.150E-01  4.918E-02  2.404E-02  8.162E-03
  4s    2.     -28.53503     70.368  0.000E+00  2.993E+01  1.790E+00  7.729E-01  6.698E-01  6.299E-01  6.371E-01  8.022E-01
  4p    6.     -24.44630    866.625  1.733E+02  8.086E+00  1.667E+00  8.123E-01  7.437E-01  7.415E-01  7.983E-01  1.150E+00
  4d    2.     -18.91926   2029.001  2.183E+01  3.934E+00  1.482E+00  8.811E-01  8.854E-01  9.790E-01  1.180E+00  2.176E+00

       38.                                      1.537E+04  2.886E+02  1.495E+01  9.887E+00  8.625E+00  8.878E+00  1.300E+01

        1.                                      4.045E+02  7.594E+00  3.934E-01  2.602E-01  2.270E-01  2.336E-01  3.421E-01



            --------------------zeta---------------------
  nl   wnl    ----blume-watson----     -----(r*vi)-----     i (ryd)      eps s       evel       edar   evel+edar    erel
                 (ryd)      (cm-1)     (ryd)      (cm-1)
  1s    2.      0.00000       0.000   0.00000       0.000-2585.18792 -2166.76151 -528.25598  440.05831  -88.198 -2254.95918
  2s    2.      0.00000       0.000   0.00000       0.000 -646.69293  -348.57787  -72.99493   48.93212  -24.063  -372.64068
  2p    6.     11.22673 1231990.662  11.52686 1264926.680 -630.21433  -316.79898   -9.42894    0.00178   -9.429  -326.22792
  3s    2.      0.00000       0.000   0.00000       0.000 -270.31669   -84.24640  -14.92275    9.54715   -5.376   -89.62200
  3p    6.      2.09115  229477.385   2.14197  235053.609 -261.57589   -73.65049   -2.30548    0.00178   -2.305   -75.95597
  3d   10.      0.24480   26863.708   0.26111   28653.164 -252.10784   -57.20354   -0.53649   -0.01432   -0.536   -57.74003
  4s    2.      0.00000       0.000   0.00000       0.000 -131.06847   -28.28223   -3.29856    2.08191   -1.217   -29.49888
  4p    6.      0.43177   47381.806   0.44167   48467.137 -124.13982   -24.71946   -0.50916    0.00047   -0.509   -25.22863
  4d    2.      0.04436    4867.919   0.04699    5156.989 -113.03012   -19.26116   -0.11756   -0.00244   -0.118   -19.37873
1Sn12+  4p64d2         nconf=  1      z= 50     ion=12     kut=-1      exf=0.650     corrf=1.000   ca1=0.700   ca0=0.500





0               without correlation                with correlation
              -----------------------           -----------------------
  nl   wnl       eps fg      eps fgr    corr       eps fg      eps fgr     n*r     n*rc     ect     ec-----------------

  1s    2.   -2176.52071  -2176.52071-0.08293  -2176.60364  -2176.60364  0.2787  0.2786  -0.08271   0.00000-0.0827
  2s    2.    -351.90085   -351.90085-0.08240   -351.98325   -351.98325  0.6930  0.6929  -0.23238  -0.06852-0.0812
  2p    6.    -317.87893   -317.87893-0.08248   -317.96141   -317.96141  0.7291  0.7290  -0.72474  -0.08179-0.0819-0.0821-0.0822
  3s    2.     -85.71804    -85.71804-0.08127    -85.79931    -85.79931  1.4041  1.4035  -0.87197  -0.06880-0.0784
  3p    6.     -74.24103    -74.24103-0.08127    -74.32231    -74.32231  1.5088  1.5079  -1.35172  -0.07922-0.0797-0.0799-0.0805
  3d   10.     -56.43382    -56.43382-0.08140    -56.51522    -56.51522  1.7305  1.7293  -2.16144  -0.08069-0.0808-0.0808-0.0812
  4s    2.     -28.45746    -28.45746-0.07811    -28.53557    -28.53557  2.4369  2.4336  -2.30358  -0.06781-0.0743
  4p    6.     -24.36847    -24.36847-0.07768    -24.44615    -24.44615  2.6335  2.6293  -2.76103  -0.07477-0.0757-0.0762-0.0772
  4d    2.     -18.84221    -18.84221-0.07669    -18.91891    -18.91891  2.9949  2.9888  -2.91412  -0.07640-0.0767

0                           ecorrt=  -3.06543 (old)              ect=  -2.91412 (new)     etotrl=      0.00000 +  0.00000 +  0.00000

      etot= -12247.69911 -12247.69911         -12250.76454 -12250.76454 -12250.61324 -12250.61324 -12250.61324


 Sn12+  4p64d2          4 -12250.6132 0  116.3778 1   78.6925 1    4.8679 2


0    t(run)=  0.03,     t(job)=   0.03 seconds
1
   Sn12+  4p54d3           nconf=  2    z= 50    ncores= 8    nvales= 1    ion=12    r(i)/x(i)=0.24031862      ca1=0.700

 tolstb=1.000   tolk-2=0.20000   tolend= 0.5E-07   thresh= 0.1E-10   kut=-1    exf=0.650   corrf=1.000      ca0= 0.500

0rcn mod 36  ihf1= 2        mesh= 641   idb= 641   rdb=1574.928   emx=   0.00   r(mesh)=1574.928     irel= 1     ib= 641
0hfr      energy = e(av)


0    t(run)=  0.03,     t(job)=   0.06 seconds
1Sn12+  4p54d3         nconf=  2      z= 50     ion=12     kut=-1      exf=0.650     corrf=1.000   ca1=0.700   ca0=0.500



                           rscore(i)           rsvale(i)           rsatom(i)           pnl( 1s)            pnl( 2s) 
    r (a0)    nc          1         6         1         6         1         6         1         6         1         6


    0.0000     0       0.00000   9.85900   0.00000   0.00000   0.00000   9.85900  0.000000  2.079679  0.000000  0.696788
    0.0060     1      26.60132  42.00851   0.00000   0.00000  26.60132  42.00851  3.418613  4.297011  1.126627  1.381002
    0.0120     2      53.38121  60.38103   0.00002   0.00007  53.38123  60.38110  4.839785  5.133479  1.501106  1.516696
    0.0180     3      63.67853  64.27756   0.00019   0.00042  63.67872  64.27798  5.242431  5.215694  1.451047  1.322928
    0.0240     4      63.18194  59.12663   0.00085   0.00264  63.18278  59.12927  5.091044  4.658021  1.147673  0.703939
    0.0360     5      55.98668  55.53066   0.00647   0.01344  55.99315  55.54410  4.104968  3.525720  0.196122 -0.325121
    0.0481     6      57.80335  62.01399   0.02472   0.04145  57.82807  62.05544  2.972147  2.470302 -0.826324 -1.286153
    0.0601     7      67.13530  72.23249   0.06462   0.09501  67.19992  72.32750  2.030652  1.654589 -1.692709 -2.040383
    0.0721     8      76.60629  81.69645   0.13308   0.23263  76.73937  81.92908  1.338523  0.861364 -2.327912 -2.731012
    0.0961     9      81.52721  77.38542   0.36078   0.51068  81.88799  77.89610  0.545008  0.340620 -2.933439 -2.977251
    0.1202    10      71.26771  64.99037   0.67249   0.83498  71.94020  65.82536  0.210936  0.129711 -2.904304 -2.751388
    0.1442    11      59.80921  56.36413   0.98705   1.11884  60.79626  57.48297  0.079303  0.048201 -2.548559 -2.319093
    0.1682    12      54.78593  56.16702   1.22261   1.32752  56.00854  57.49454  0.029097  0.010428 -2.080208 -1.618723
    0.2163    13      60.60610  64.76279   1.28957   1.12967  61.89567  65.89246  0.003677  0.001282 -1.218261 -0.894943
    0.2644    14      66.62266  65.55214   0.88920   0.61706  67.51185  66.16920  0.000443  0.000152 -0.645706 -0.459586
    0.3124    15      61.86331  56.33110   0.35987   0.15574  62.22318  56.48684  0.000052  0.000018 -0.323731 -0.226218
    0.3605    16      49.83394  36.83533   0.03147   0.07118  49.86542  36.90650  0.000006  0.000001 -0.157102 -0.074747
    0.4566    17      26.62019  20.11679   0.47991   1.15493  27.10009  21.27172  0.000000  0.000000 -0.035024 -0.016019
    0.5527    18      16.66640  15.12738   1.95371   2.74154  18.62011  17.86892  0.000000  0.000000 -0.007151 -0.003139
    0.6489    19      14.48247  14.04749   3.41723   3.92073  17.89969  17.96822  0.000000  0.000000 -0.001362 -0.000586
    0.7450    20      13.46384  11.50290   4.22946   4.30406  17.69330  15.80696  0.000000  0.000000 -0.000250 -0.000045
    0.9372    21       8.87632   6.28484   3.85471   3.15296  12.73104   9.43779  0.000000  0.000000 -0.000008 -0.000001
    1.1295    22       4.15511   2.60089   2.40888   1.74443   6.56399   4.34531  0.000000  0.000000 -0.000000 -0.000000
    1.3218    23       1.55745   0.89914   1.20957   0.80895   2.76702   1.70809  0.000000  0.000000 -0.000000 -0.000000
    1.5140    24       0.50339   0.14640   0.52471   0.20465   1.02810   0.35105  0.000000  0.000000 -0.000000 -0.000000
    1.8985    25       0.03933   0.00993   0.07356   0.02478   0.11289   0.03471  0.000000  0.000000 -0.000000 -0.000000
    2.2830    26       0.00238   0.00055   0.00792   0.00242   0.01030   0.00297  0.000000  0.000000 -0.000000 -0.000000
    2.6675    27       0.00012   0.00003   0.00071   0.00020   0.00083   0.00023  0.000000  0.000000 -0.000000 -0.000000
    3.0520    28       0.00001   0.00000   0.00006   0.00000   0.00006   0.00000  0.000000  0.000000  0.000000  0.000000
    3.8211    29       0.00000   0.00000   0.00000   0.00000   0.00000   0.00000  0.000000  0.000000  0.000000  0.000000
    4.5901    30       0.00000   0.00000   0.00000   0.00000   0.00000   0.00000  0.000000  0.000000  0.000000  0.000000
    5.3591    31       0.00000   0.00000   0.00000   0.00000   0.00000   0.00000  0.000000  0.000000  0.000000  0.000000
    6.1281    32       0.00000   0.00000   0.00000   0.00000   0.00000   0.00000  0.000000  0.000000  0.000000  0.000000
    7.6662    33       0.00000   0.00000   0.00000   0.00000   0.00000   0.00000  0.000000  0.000000  0.000000  0.000000
    9.2042    34       0.00000   0.00000   0.00000   0.00000   0.00000   0.00000  0.000000  0.000000  0.000000  0.000000
   10.7422    35       0.00000   0.00000   0.00000   0.00000   0.00000   0.00000  0.000000  0.000000  0.000000  0.000000
   12.2803    36       0.00000   0.00000   0.00000   0.00000   0.00000   0.00000  0.000000  0.000000  0.000000  0.000000
1Sn12+  4p54d3         nconf=  2      z= 50     ion=12     kut=-1      exf=0.650     corrf=1.000   ca1=0.700   ca0=0.500



                           pnl( 2p)            pnl( 3s)            pnl( 3p)            pnl( 3d)            pnl( 4s) 
    r (a0)    nc          1         6         1         6         1         6         1         6         1         6


    0.0000     0      0.000000  0.030081  0.000000  0.307894  0.000000  0.013895  0.000000  0.000104  0.000000  0.143970
    0.0060     1      0.108231  0.221977  0.496620  0.606468  0.049935  0.102244  0.000777  0.002471  0.232097  0.283210
    0.0120     2      0.361749  0.519816  0.655648  0.657428  0.166261  0.238257  0.005536  0.010243  0.305823  0.306155
    0.0180     3      0.689865  0.866735  0.622297  0.558805  0.315155  0.394408  0.016792  0.025324  0.289130  0.258774
    0.0240     4      1.046219  1.400048  0.474022  0.263128  0.473915  0.627119  0.035929  0.063525  0.218424  0.118410
    0.0360     5      1.731498  2.028464  0.025814 -0.213262  0.764577  0.879922  0.099585  0.143710  0.006272 -0.106228
    0.0481     6      2.284352  2.496443 -0.437178 -0.635129  0.969597  1.032090  0.195237  0.253331 -0.210949 -0.302727
    0.0601     7      2.664698  2.790869 -0.800776 -0.930988  1.067361  1.076402  0.317062  0.385462 -0.378506 -0.436782
    0.0721     8      2.877854  2.948871 -1.024942 -1.108384  1.060904  0.965100  0.457565  0.609171 -0.477178 -0.506573
    0.0961     9      2.908904  2.788357 -1.068609 -0.930658  0.799346  0.583515  0.765025  0.919342 -0.475644 -0.397231
    0.1202    10      2.613796  2.406909 -0.720902 -0.463827  0.335862  0.072071  1.067493  1.205963 -0.284977 -0.151683
    0.1442    11      2.184518  1.959090 -0.180541  0.111712 -0.195008 -0.455378  1.332240  1.444673 -0.008496  0.135358
    0.1682    12      1.739428  1.338569  0.399478  0.924570 -0.701582 -1.132294  1.542333  1.692416  0.272670  0.507690
    0.2163    13      1.004793  0.740391  1.347624  1.653848 -1.465198 -1.697615  1.784588  1.825151  0.671232  0.756072
    0.2644    14      0.537959  0.386700  1.847799  1.944009 -1.837922 -1.899813  1.822310  1.784694  0.766318  0.712253
    0.3124    15      0.275684  0.195290  1.960884  1.917095 -1.898650 -1.849334  1.720487  1.636992  0.606807  0.463342
    0.3605    16      0.137659  0.067658  1.829648  1.579053 -1.765204 -1.535707  1.540452  1.327887  0.294364 -0.077632
    0.4566    17      0.032824  0.015579  1.293331  1.020516 -1.276529 -1.026607  1.112668  0.912204 -0.442134 -0.759476
    0.5527    18      0.007238  0.003313  0.783239  0.588554 -0.805354 -0.619798  0.735126  0.584355 -1.010136 -1.189010
    0.6489    19      0.001500  0.000674  0.435059  0.317480 -0.469886 -0.352015  0.459392  0.357909 -1.299969 -1.351752
    0.7450    20      0.000301  0.000059  0.229335  0.117024 -0.261213 -0.140780  0.276786  0.162681 -1.355118 -1.259649
    0.9372    21      0.000012  0.000002  0.058529  0.028882 -0.074360 -0.038744  0.093967  0.053588 -1.088574 -0.894185
    1.1295    22      0.000000  0.000000  0.014001  0.006625 -0.019936 -0.010057  0.030245  0.016881 -0.707450 -0.543700
    1.3218    23      0.000000  0.000000  0.003078  0.001411 -0.004981 -0.002435  0.009287  0.005048 -0.408263 -0.300777
    1.5140    24      0.000000  0.000000  0.000640  0.000129 -0.001178 -0.000269  0.002719  0.000773 -0.218079 -0.110261
    1.8985    25      0.000000  0.000000  0.000025  0.000005 -0.000060 -0.000013  0.000215  0.000059 -0.053488 -0.025111
    2.2830    26      0.000000  0.000000  0.000001  0.000000 -0.000003 -0.000001  0.000016  0.000004 -0.011460 -0.005096
    2.6675    27      0.000000  0.000000  0.000000  0.000000 -0.000000 -0.000000  0.000001  0.000000 -0.002221 -0.000953
    3.0520    28      0.000000  0.000000  0.000000  0.000000 -0.000000 -0.000000  0.000000  0.000000 -0.000404 -0.000070
    3.8211    29      0.000000  0.000000  0.000000  0.000000 -0.000000 -0.000000  0.000000  0.000000 -0.000012 -0.000002
    4.5901    30      0.000000  0.000000  0.000000  0.000000 -0.000000 -0.000000  0.000000  0.000000 -0.000000 -0.000000
    5.3591    31      0.000000  0.000000  0.000000  0.000000 -0.000000 -0.000000  0.000000  0.000000 -0.000000 -0.000000
    6.1281    32      0.000000  0.000000  0.000000  0.000000  0.000000  0.000000  0.000000  0.000000 -0.000000 -0.000000
    7.6662    33      0.000000  0.000000  0.000000  0.000000  0.000000  0.000000  0.000000  0.000000 -0.000000 -0.000000
    9.2042    34      0.000000  0.000000  0.000000  0.000000  0.000000  0.000000  0.000000  0.000000 -0.000000 -0.000000
   10.7422    35      0.000000  0.000000  0.000000  0.000000  0.000000  0.000000  0.000000  0.000000 -0.000000 -0.000000
   12.2803    36      0.000000  0.000000  0.000000  0.000000  0.000000  0.000000  0.000000  0.000000  0.000000  0.000000
1Sn12+  4p54d3         nconf=  2      z= 50     ion=12     kut=-1      exf=0.650     corrf=1.000   ca1=0.700   ca0=0.500



                           pnl( 4p)            pnl( 4d) 
    r (a0)    nc          1         6         1         6         1         6         1         6         1         6


    0.0000     0      0.000000  0.006414  0.000000  0.000049
    0.0060     1      0.023047  0.047173  0.000364  0.001157
    0.0120     2      0.076676  0.109818  0.002592  0.004795
    0.0180     3      0.145166  0.181527  0.007858  0.011846
    0.0240     4      0.217920  0.287713  0.016800  0.029672
    0.0360     5      0.349756  0.401053  0.046455  0.066937
    0.0481     6      0.439932  0.465697  0.090775  0.117543
    0.0601     7      0.478357  0.478419  0.146768  0.177959
    0.0721     8      0.466735  0.412551  0.210621  0.278466
    0.0961     9      0.325577  0.215902  0.346784  0.412584
    0.1202    10      0.092875 -0.035381  0.473458  0.527568
    0.1442    11     -0.162162 -0.282236  0.573600  0.610695
    0.1682    12     -0.391655 -0.568378  0.638385  0.665213
    0.2163    13     -0.680948 -0.728698  0.655634  0.613642
    0.2644    14     -0.717396 -0.656123  0.544425  0.453528
    0.3124    15     -0.555186 -0.424829  0.346346  0.227845
    0.3605    16     -0.274506  0.054042  0.102428 -0.154030
    0.4566    17      0.378799  0.668375 -0.399961 -0.620465
    0.5527    18      0.905830  1.085118 -0.806993 -0.955954
    0.6489    19      1.207385  1.278042 -1.067275 -1.143201
    0.7450    20      1.304643  1.258453 -1.187358 -1.197784
    0.9372    21      1.129426  0.963982 -1.133536 -1.025176
    1.1295    22      0.792744  0.633423 -0.896080 -0.762545
    1.3218    23      0.494584  0.378922 -0.634971 -0.519279
    1.5140    24      0.285724  0.156254 -0.418214 -0.261182
    1.8985    25      0.081987  0.041643 -0.156591 -0.090887
    2.2830    26      0.020600  0.009962 -0.051373 -0.028405
    2.6675    27      0.004724  0.002204 -0.015415 -0.008232
    3.0520    28      0.001015  0.000208 -0.004335 -0.001161
    3.8211    29      0.000041  0.000008 -0.000300 -0.000075
    4.5901    30      0.000001  0.000000 -0.000018 -0.000004
    5.3591    31      0.000000  0.000000 -0.000001 -0.000000
    6.1281    32      0.000000  0.000000 -0.000000 -0.000000
    7.6662    33      0.000000  0.000000 -0.000000 -0.000000
    9.2042    34      0.000000  0.000000 -0.000000 -0.000000
   10.7422    35      0.000000  0.000000 -0.000000 -0.000000
   12.2803    36      0.000000  0.000000  0.000000  0.000000
1Sn12+  4p54d3         nconf=  2      z= 50     ion=12     kut=-1      exf=0.650     corrf=1.000   ca1=0.700   ca0=0.500






  nl   wnl         ee          az      (r-3)      (r-2)      (r-1)      (r+1)      (r+2)      (r+3)      (r+4)      (r+6)

  1s    2.   -2176.87243   1005.983  0.000E+00  6.062E+03  5.299E+01  2.909E-02  1.145E-03  5.695E-05  3.425E-06  1.963E-08
  2s    2.    -352.12470    340.317  0.000E+00  6.771E+02  1.212E+01  1.254E-01  1.854E-02  3.119E-03  5.914E-04  2.949E-05
  2p    6.    -318.11036   4070.453  4.498E+03  1.834E+02  1.160E+01  1.098E-01  1.472E-02  2.335E-03  4.294E-04  2.124E-05
  3s    2.     -85.91747    150.591  0.000E+00  1.343E+02  4.339E+00  3.365E-01  1.293E-01  5.479E-02  2.538E-02  7.027E-03
  3p    6.     -74.43016   1881.411  8.378E+02  3.626E+01  4.114E+00  3.348E-01  1.298E-01  5.607E-02  2.672E-02  8.014E-03
  3d   10.     -56.65319   4340.683  1.205E+02  1.891E+01  3.888E+00  3.116E-01  1.148E-01  4.909E-02  2.397E-02  8.114E-03
  4s    2.     -28.47217     70.437  0.000E+00  2.999E+01  1.792E+00  7.724E-01  6.691E-01  6.288E-01  6.357E-01  7.999E-01
  4p    5.     -24.56485    868.650  1.741E+02  8.118E+00  1.670E+00  8.112E-01  7.417E-01  7.385E-01  7.938E-01  1.140E+00
  4d    3.     -18.91247   2033.605  2.190E+01  3.943E+00  1.484E+00  8.804E-01  8.840E-01  9.769E-01  1.176E+00  2.169E+00

       38.                                      1.537E+04  2.884E+02  1.501E+01  1.001E+01  8.838E+00  9.224E+00  1.395E+01

        1.                                      4.044E+02  7.590E+00  3.950E-01  2.635E-01  2.326E-01  2.427E-01  3.671E-01



            --------------------zeta---------------------
  nl   wnl    ----blume-watson----     -----(r*vi)-----     i (ryd)      eps s       evel       edar   evel+edar    erel
                 (ryd)      (cm-1)     (ryd)      (cm-1)
  1s    2.      0.00000       0.000   0.00000       0.000-2585.18940 -2167.03562 -528.27561  440.07357  -88.202 -2255.23765
  2s    2.      0.00000       0.000   0.00000       0.000 -646.69912  -348.71576  -73.00385   48.93714  -24.067  -372.78247
  2p    6.     11.22808 1232139.678  11.52810 1265062.208 -630.21584  -316.94762   -9.43001    0.00182   -9.430  -326.37762
  3s    2.      0.00000       0.000   0.00000       0.000 -270.31082   -84.37908  -14.91752    9.54363   -5.374   -89.75298
  3p    6.      2.08922  229265.418   2.13999  234836.731 -261.53156   -73.78271   -2.30322    0.00181   -2.303   -76.08593
  3d   10.      0.24502   26887.300   0.26137   28681.952 -252.15246   -57.33120   -0.53705   -0.01433   -0.537   -57.86825
  4s    2.      0.00000       0.000   0.00000       0.000 -131.12752   -28.36135   -3.30517    2.08597   -1.219   -29.58055
  4p    5.      0.43377   47601.272   0.44372   48692.148 -124.26337   -24.79622   -0.51153    0.00049   -0.512   -25.30775
  4d    3.      0.04452    4886.012   0.04714    5173.526 -113.11207   -19.33050   -0.11803   -0.00222   -0.118   -19.44853
1Sn12+  4p54d3         nconf=  2      z= 50     ion=12     kut=-1      exf=0.650     corrf=1.000   ca1=0.700   ca0=0.500





0               without correlation                with correlation
              -----------------------           -----------------------
  nl   wnl       eps fg      eps fgr    corr       eps fg      eps fgr     n*r     n*rc     ect     ec-----------------

  1s    2.   -2176.78989  -2176.78989-0.08293  -2176.87283  -2176.87283  0.2786  0.2786  -0.08271   0.00000-0.0827
  2s    2.    -352.04229   -352.04229-0.08240   -352.12469   -352.12469  0.6929  0.6928  -0.23238  -0.06852-0.0812
  2p    6.    -318.02816   -318.02816-0.08248   -318.11065   -318.11065  0.7290  0.7289  -0.72474  -0.08179-0.0819-0.0821-0.0822
  3s    2.     -85.83606    -85.83606-0.08127    -85.91733    -85.91733  1.4032  1.4025  -0.87197  -0.06880-0.0784
  3p    6.     -74.34890    -74.34890-0.08127    -74.43017    -74.43017  1.5077  1.5068  -1.35171  -0.07922-0.0797-0.0799-0.0804
  3d   10.     -56.57177    -56.57177-0.08140    -56.65317    -56.65317  1.7284  1.7272  -2.16146  -0.08070-0.0808-0.0808-0.0812
  4s    2.     -28.39456    -28.39456-0.07812    -28.47268    -28.47268  2.4396  2.4363  -2.30359  -0.06781-0.0743
  4p    5.     -24.48698    -24.48698-0.07771    -24.56469    -24.56469  2.6271  2.6229  -2.68389  -0.07479-0.0757-0.0762-0.0770
  4d    3.     -18.83622    -18.83622-0.07676    -18.91298    -18.91298  2.9953  2.9893  -2.91328  -0.07614-0.0765-0.0768

0                           ecorrt=  -3.06479 (old)              ect=  -2.91328 (new)     etotrl=      0.00000 +  0.00000 +  0.00000

      etot= -12242.18248 -12242.18248         -12245.24728 -12245.24728 -12245.09576 -12245.09576 -12245.09576


 Sn12+  4p54d3          8 -12245.0958 0  116.4412 1   78.7303 1   47.6013 2    4.8860 2
   121.5163 3  154.1609 4   97.2626 4


0    t(run)=  0.03,     t(job)=   0.06 seconds
1
   Sn12+  4d14f1           nconf=  3    z= 50    ncores= 9    nvales= 1    ion=12    r(i)/x(i)=0.24031862      ca1=0.700

 tolstb=1.000   tolk-2=0.20000   tolend= 0.5E-07   thresh= 0.1E-10   kut=-1    exf=0.650   corrf=1.000      ca0= 0.500

0rcn mod 36  ihf1= 2        mesh= 641   idb= 641   rdb=1574.928   emx=   0.00   r(mesh)=1574.928     irel= 1     ib= 641
0hfr      energy = e(av)


0    t(run)=  0.03,     t(job)=   0.09 seconds
1Sn12+  4d14f1         nconf=  3      z= 50     ion=12     kut=-1      exf=0.650     corrf=1.000   ca1=0.700   ca0=0.500



                           rscore(i)           rsvale(i)           rsatom(i)           pnl( 1s)            pnl( 2s) 
    r (a0)    nc          1         6         1         6         1         6         1         6         1         6


    0.0000     0       0.00000   9.85929   0.00000   0.00000   0.00000   9.85929  0.000000  2.079641  0.000000  0.696840
    0.0060     1      26.60254  42.01190   0.00000   0.00000  26.60254  42.01190  3.418553  4.296937  1.126713  1.381109
    0.0120     2      53.38876  60.39536   0.00000   0.00000  53.38876  60.39536  4.839707  5.133402  1.501228  1.516825
    0.0180     3      63.70265  64.31458   0.00000   0.00000  63.70265  64.31458  5.242360  5.215633  1.451178  1.323058
    0.0240     4      63.23484  59.21860   0.00000   0.00000  63.23484  59.21860  5.090994  4.658000  1.147799  0.704049
    0.0360     5      56.12357  55.71301   0.00000   0.00000  56.12357  55.71302  4.104977  3.525755  0.196210 -0.325060
    0.0481     6      58.02686  62.27071   0.00000   0.00001  58.02686  62.27072  2.972206  2.470378 -0.826293 -1.286155
    0.0601     7      67.41523  72.52510   0.00002   0.00004  67.41525  72.52514  2.030739  1.654681 -1.692744 -2.040451
    0.0721     8      76.90188  81.97695   0.00007   0.00019  76.90195  81.97713  1.338616  0.861449 -2.328009 -2.731161
    0.0961     9      81.78253  77.62693   0.00043   0.00087  81.78296  77.62780  0.545077  0.340671 -2.933616 -2.977431
    0.1202    10      71.52240  65.29231   0.00160   0.00274  71.52400  65.29505  0.210970  0.129731 -2.904461 -2.751502
    0.1442    11      60.19108  56.85075   0.00441   0.00675  60.19550  56.85750  0.079313  0.048205 -2.548614 -2.319083
    0.1682    12      55.39040  56.99510   0.00990   0.01913  55.40029  57.01422  0.029098  0.010427 -2.080131 -1.618532
    0.2163    13      61.57221  65.73893   0.03309   0.05257  61.60530  65.79151  0.003676  0.001282 -1.217999 -0.894652
    0.2644    14      67.48568  66.21625   0.07810   0.10989  67.56378  66.32614  0.000443  0.000152 -0.645423 -0.459332
    0.3124    15      62.29398  56.54395   0.14791   0.19187  62.44189  56.73582  0.000052  0.000018 -0.323514 -0.226041
    0.3605    16      49.88448  36.81605   0.24123   0.35320  50.12572  37.16925  0.000006  0.000001 -0.156962 -0.074661
    0.4566    17      26.88773  20.93052   0.47661   0.60325  27.36433  21.53376  0.000000  0.000000 -0.034972 -0.015986
    0.5527    18      18.13661  17.22780   0.72507   0.83517  18.86168  18.06297  0.000000  0.000000 -0.007132 -0.003129
    0.6489    19      17.09287  17.00100   0.92828   1.00103  18.02115  18.00203  0.000000  0.000000 -0.001357 -0.000583
    0.7450    20      16.58565  14.52161   1.05185   1.08872  17.63751  15.61032  0.000000  0.000000 -0.000249 -0.000045
    0.9372    21      11.42918   8.25326   1.05090   0.95942  12.48007   9.21268  0.000000  0.000000 -0.000008 -0.000001
    1.1295    22       5.57390   3.57229   0.83665   0.70189   6.41055   4.27418  0.000000  0.000000 -0.000000 -0.000000
    1.3218    23       2.19618   1.30563   0.56953   0.44885   2.76572   1.75448  0.000000  0.000000 -0.000000 -0.000000
    1.5140    24       0.75520   0.23697   0.34473   0.19018   1.09993   0.42715  0.000000  0.000000 -0.000000 -0.000000
    1.8985    25       0.06977   0.01964   0.09729   0.04674   0.16706   0.06638  0.000000  0.000000 -0.000000 -0.000000
    2.2830    26       0.00535   0.00142   0.02130   0.00928   0.02665   0.01070  0.000000  0.000000 -0.000000 -0.000000
    2.6675    27       0.00037   0.00010   0.00389   0.00157   0.00426   0.00167  0.000000  0.000000 -0.000000 -0.000000
    3.0520    28       0.00002   0.00000   0.00062   0.00009   0.00064   0.00009  0.000000  0.000000  0.000000  0.000000
    3.8211    29       0.00000   0.00000   0.00001   0.00000   0.00001   0.00000  0.000000  0.000000  0.000000  0.000000
    4.5901    30       0.00000   0.00000   0.00000   0.00000   0.00000   0.00000  0.000000  0.000000  0.000000  0.000000
    5.3591    31       0.00000   0.00000   0.00000   0.00000   0.00000   0.00000  0.000000  0.000000  0.000000  0.000000
    6.1281    32       0.00000   0.00000   0.00000   0.00000   0.00000   0.00000  0.000000  0.000000  0.000000  0.000000
    7.6662    33       0.00000   0.00000   0.00000   0.00000   0.00000   0.00000  0.000000  0.000000  0.000000  0.000000
    9.2042    34       0.00000   0.00000   0.00000   0.00000   0.00000   0.00000  0.000000  0.000000  0.000000  0.000000
   10.7422    35       0.00000   0.00000   0.00000   0.00000   0.00000   0.00000  0.000000  0.000000  0.000000  0.000000
   12.2803    36       0.00000   0.00000   0.00000   0.00000   0.00000   0.00000  0.000000  0.000000  0.000000  0.000000
1Sn12+  4d14f1         nconf=  3      z= 50     ion=12     kut=-1      exf=0.650     corrf=1.000   ca1=0.700   ca0=0.500



                           pnl( 2p)            pnl( 3s)            pnl( 3p)            pnl( 3d)            pnl( 4s) 
    r (a0)    nc          1         6         1         6         1         6         1         6         1         6


    0.0000     0      0.000000  0.030083  0.000000  0.308175  0.000000  0.013914  0.000000  0.000104  0.000000  0.144091
    0.0060     1      0.108239  0.221994  0.497072  0.607021  0.050003  0.102384  0.000778  0.002472  0.232293  0.283449
    0.0120     2      0.361778  0.519857  0.656246  0.658027  0.166488  0.238583  0.005540  0.010250  0.306082  0.306414
    0.0180     3      0.689920  0.866806  0.622863  0.559314  0.315585  0.394945  0.016803  0.025340  0.289375  0.258994
    0.0240     4      1.046305  1.400167  0.474454  0.263366  0.474559  0.627967  0.035953  0.063568  0.218610  0.118513
    0.0360     5      1.731650  2.028648  0.025837 -0.213456  0.765604  0.881092  0.099651  0.143807  0.006281 -0.106313
    0.0481     6      2.284565  2.496682 -0.437574 -0.635700  0.970870  1.033423  0.195369  0.253503 -0.211120 -0.302972
    0.0601     7      2.664959  2.791148 -0.801489 -0.931807  1.068710  1.077725  0.317279  0.385728 -0.378810 -0.437130
    0.0721     8      2.878143  2.949160 -1.025827 -1.109289  1.062160  0.966116  0.457882  0.609596 -0.477551 -0.506945
    0.0961     9      2.909165  2.788562 -1.069397 -0.931219  0.800007  0.583743  0.765560  0.919980 -0.475953 -0.397428
    0.1202    10      2.613924  2.406945 -0.721160 -0.463736  0.335616  0.071344  1.068222  1.206764 -0.285031 -0.151576
    0.1442    11      2.184457  1.958932 -0.180091  0.112506 -0.196192 -0.456972  1.333090  1.445547 -0.008231  0.135768
    0.1682    12      1.739182  1.338184  0.400578  0.926113 -0.703521 -1.134692  1.543204  1.693205  0.273200  0.508356
    0.2163    13      1.004331  0.739910  1.349346  1.655498 -1.467731 -1.699994  1.785209  1.825548  0.671880  0.756562
    0.2644    14      0.537504  0.386298  1.849182  1.945000 -1.839925 -1.901299  1.822458  1.784594  0.766543  0.712147
    0.3124    15      0.275347  0.195020  1.961427  1.917186 -1.899549 -1.849635  1.720165  1.636488  0.606347  0.462534
    0.3605    16      0.137453  0.067556  1.829327  1.578105 -1.764941 -1.534518  1.539812  1.327124  0.293240 -0.079248
    0.4566    17      0.032785  0.015569  1.292055  1.019164 -1.274746 -1.024535  1.111948  0.911640 -0.444027 -0.761448
    0.5527    18      0.007238  0.003315  0.781978  0.587472 -0.803224 -0.617763  0.734773  0.584220 -1.012031 -1.190710
    0.6489    19      0.001502  0.000675  0.434186  0.316808 -0.468028 -0.350371  0.459453  0.358128 -1.301393 -1.352843
    0.7450    20      0.000301  0.000059  0.228838  0.116780 -0.259788 -0.139749  0.277121  0.163132 -1.355845 -1.259622
    0.9372    21      0.000012  0.000002  0.058426  0.028847 -0.073635 -0.038246  0.094425  0.053995 -1.087866 -0.892955
    1.1295    22      0.000000  0.000000  0.013992  0.006622 -0.019604 -0.009854  0.030576  0.017127 -0.705898 -0.542018
    1.3218    23      0.000000  0.000000  0.003077  0.001410 -0.004868 -0.002374  0.009448  0.005146 -0.406610 -0.299258
    1.5140    24      0.000000  0.000000  0.000640  0.000129 -0.001146 -0.000262  0.002775  0.000790 -0.216753 -0.109361
    1.8985    25      0.000000  0.000000  0.000025  0.000005 -0.000058 -0.000013  0.000220  0.000060 -0.052940 -0.024802
    2.2830    26      0.000000  0.000000  0.000001  0.000000 -0.000003 -0.000001  0.000016  0.000004 -0.011294 -0.005009
    2.6675    27      0.000000  0.000000  0.000000  0.000000 -0.000000 -0.000000  0.000001  0.000000 -0.002178 -0.000932
    3.0520    28      0.000000  0.000000  0.000000  0.000000 -0.000000 -0.000000  0.000000  0.000000 -0.000394 -0.000068
    3.8211    29      0.000000  0.000000  0.000000  0.000000 -0.000000 -0.000000  0.000000  0.000000 -0.000011 -0.000002
    4.5901    30      0.000000  0.000000  0.000000  0.000000 -0.000000 -0.000000  0.000000  0.000000 -0.000000 -0.000000
    5.3591    31      0.000000  0.000000  0.000000  0.000000 -0.000000 -0.000000  0.000000  0.000000 -0.000000 -0.000000
    6.1281    32      0.000000  0.000000  0.000000  0.000000  0.000000  0.000000  0.000000  0.000000 -0.000000 -0.000000
    7.6662    33      0.000000  0.000000  0.000000  0.000000  0.000000  0.000000  0.000000  0.000000 -0.000000 -0.000000
    9.2042    34      0.000000  0.000000  0.000000  0.000000  0.000000  0.000000  0.000000  0.000000 -0.000000 -0.000000
   10.7422    35      0.000000  0.000000  0.000000  0.000000  0.000000  0.000000  0.000000  0.000000 -0.000000 -0.000000
   12.2803    36      0.000000  0.000000  0.000000  0.000000  0.000000  0.000000  0.000000  0.000000  0.000000  0.000000
1Sn12+  4d14f1         nconf=  3      z= 50     ion=12     kut=-1      exf=0.650     corrf=1.000   ca1=0.700   ca0=0.500



                           pnl( 4p)            pnl( 4d)            pnl( 4f) 
    r (a0)    nc          1         6         1         6         1         6         1         6         1         6


    0.0000     0      0.000000  0.006412  0.000000  0.000049  0.000000  0.000000
    0.0060     1      0.023039  0.047158  0.000365  0.001160  0.000001  0.000004
    0.0120     2      0.076651  0.109782  0.002599  0.004808  0.000013  0.000030
    0.0180     3      0.145118  0.181467  0.007879  0.011877  0.000061  0.000108
    0.0240     4      0.217847  0.287614  0.016844  0.029750  0.000178  0.000404
    0.0360     5      0.349631  0.400903  0.046577  0.067113  0.000780  0.001347
    0.0481     6      0.439758  0.465500  0.091014  0.117852  0.002147  0.003217
    0.0601     7      0.478137  0.478177  0.147155  0.178427  0.004592  0.006302
    0.0721     8      0.466470  0.412242  0.211175  0.279197  0.008374  0.013697
    0.0961     9      0.325224  0.215507  0.347689  0.413651  0.020699  0.029464
    0.1202    10      0.092445 -0.035833  0.474666  0.528890  0.040024  0.052366
    0.1442    11     -0.162619 -0.282677  0.575002  0.612144  0.066443  0.082179
    0.1682    12     -0.392056 -0.568628  0.639845  0.666590  0.099476  0.138295
    0.2163    13     -0.680958 -0.728403  0.656807  0.614520  0.181908  0.229291
    0.2644    14     -0.716765 -0.655155  0.544946  0.453660  0.279456  0.331496
    0.3124    15     -0.553908 -0.423288  0.346082  0.227195  0.384596  0.438029
    0.3605    16     -0.272758  0.056015  0.101417 -0.155679  0.491155  0.594303
    0.4566    17      0.380757  0.670149 -0.402101 -0.622941  0.690368  0.776689
    0.5527    18      0.907316  1.086272 -0.809656 -0.958668  0.851512  0.913874
    0.6489    19      1.208207  1.278559 -1.069911 -1.145641  0.963472  1.000517
    0.7450    20      1.304894  1.258302 -1.189497 -1.199079  1.025599  1.043415
    0.9372    21      1.129029  0.963458 -1.133804 -1.024408  1.025134  0.979502
    1.1295    22      0.792180  0.632879 -0.894412 -0.760198  0.914687  0.837791
    1.3218    23      0.494098  0.378515 -0.632196 -0.516313  0.754674  0.669964
    1.5140    24      0.285400  0.156078 -0.415253 -0.258614  0.587134  0.436093
    1.8985    25      0.081910  0.041620 -0.154631 -0.089515  0.311909  0.216199
    2.2830    26      0.020601  0.009973 -0.050471 -0.027838  0.145944  0.096319
    2.6675    27      0.004737  0.002215 -0.015070 -0.008025  0.062342  0.039674
    3.0520    28      0.001022  0.000210 -0.004213 -0.001121  0.024875  0.009415
    3.8211    29      0.000042  0.000008 -0.000287 -0.000071  0.003417  0.001198
    4.5901    30      0.000002  0.000000 -0.000017 -0.000004  0.000408  0.000136
    5.3591    31      0.000000  0.000000 -0.000001 -0.000000  0.000044  0.000014
    6.1281    32      0.000000  0.000000 -0.000000 -0.000000  0.000004  0.000000
    7.6662    33      0.000000  0.000000 -0.000000 -0.000000  0.000000  0.000000
    9.2042    34      0.000000  0.000000 -0.000000 -0.000000  0.000000  0.000000
   10.7422    35      0.000000  0.000000 -0.000000 -0.000000  0.000000  0.000000
   12.2803    36      0.000000  0.000000  0.000000  0.000000  0.000000  0.000000
1Sn12+  4d14f1         nconf=  3      z= 50     ion=12     kut=-1      exf=0.650     corrf=1.000   ca1=0.700   ca0=0.500






  nl   wnl         ee          az      (r-3)      (r-2)      (r-1)      (r+1)      (r+2)      (r+3)      (r+4)      (r+6)

  1s    2.   -2177.02203   1005.964  0.000E+00  6.061E+03  5.299E+01  2.909E-02  1.145E-03  5.695E-05  3.425E-06  1.963E-08
  2s    2.    -352.36569    340.342  0.000E+00  6.772E+02  1.212E+01  1.254E-01  1.853E-02  3.118E-03  5.911E-04  2.946E-05
  2p    6.    -318.35166   4070.764  4.499E+03  1.835E+02  1.160E+01  1.098E-01  1.471E-02  2.334E-03  4.290E-04  2.121E-05
  3s    2.     -86.01279    150.728  0.000E+00  1.345E+02  4.343E+00  3.363E-01  1.292E-01  5.470E-02  2.532E-02  7.006E-03
  3p    6.     -74.53935   1883.991  8.400E+02  3.634E+01  4.119E+00  3.345E-01  1.295E-01  5.588E-02  2.659E-02  7.950E-03
  3d   10.     -56.74507   4343.514  1.206E+02  1.893E+01  3.889E+00  3.116E-01  1.148E-01  4.909E-02  2.399E-02  8.139E-03
  4s    2.     -28.60280     70.496  0.000E+00  3.004E+01  1.793E+00  7.717E-01  6.678E-01  6.270E-01  6.331E-01  7.944E-01
  4p    6.     -24.49130    868.373  1.739E+02  8.113E+00  1.670E+00  8.109E-01  7.412E-01  7.378E-01  7.929E-01  1.138E+00
  4d    1.     -19.04727   2038.928  2.201E+01  3.958E+00  1.487E+00  8.786E-01  8.804E-01  9.706E-01  1.166E+00  2.138E+00
  4f    1.     -12.95525    778.878  3.123E+00  1.714E+00  1.187E+00  9.948E-01  1.142E+00  1.485E+00  2.157E+00  6.050E+00

       38.                                      1.537E+04  2.884E+02  1.505E+01  1.012E+01  9.093E+00  9.800E+00  1.675E+01

        1.                                      4.044E+02  7.588E+00  3.959E-01  2.662E-01  2.393E-01  2.579E-01  4.407E-01



            --------------------zeta---------------------
  nl   wnl    ----blume-watson----     -----(r*vi)-----     i (ryd)      eps s       evel       edar   evel+edar    erel
                 (ryd)      (cm-1)     (ryd)      (cm-1)
  1s    2.      0.00000       0.000   0.00000       0.000-2585.18769 -2167.17916 -528.25363  440.05572  -88.198 -2255.37707
  2s    2.      0.00000       0.000   0.00000       0.000 -646.70644  -348.96445  -73.01394   48.94463  -24.069  -373.03376
  2p    6.     11.22959 1232304.455  11.52989 1265258.850 -630.23043  -317.19742   -9.43177    0.00194   -9.432  -326.62920
  3s    2.      0.00000       0.000   0.00000       0.000 -270.38427   -84.45837  -14.94501    9.56102   -5.384   -89.84236
  3p    6.      2.09476  229873.476   2.14564  235457.055 -261.66020   -73.86588   -2.30988    0.00179   -2.310   -76.17576
  3d   10.      0.24535   26923.772   0.26167   28715.164 -252.18632   -57.43865   -0.53775   -0.01432   -0.538   -57.97640
  4s    2.      0.00000       0.000   0.00000       0.000 -131.19548   -28.39318   -3.31083    2.08949   -1.221   -29.61451
  4p    6.      0.43344   47564.764   0.44337   48654.024 -124.27745   -24.82685   -0.51132    0.00046   -0.511   -25.33817
  4d    1.      0.04471    4906.345   0.04737    5198.794 -113.26534   -19.36599   -0.11864   -0.00223   -0.119   -19.48463
  4f    1.      0.00353     387.315   0.00418     458.400  -95.75149   -13.44396   -0.01493   -0.00054   -0.015   -13.45890
1Sn12+  4d14f1         nconf=  3      z= 50     ion=12     kut=-1      exf=0.650     corrf=1.000   ca1=0.700   ca0=0.500





0               without correlation                with correlation
              -----------------------           -----------------------
  nl   wnl       eps fg      eps fgr    corr       eps fg      eps fgr     n*r     n*rc     ect     ec-----------------

  1s    2.   -2176.93948  -2176.93948-0.08293  -2177.02241  -2177.02241  0.2786  0.2786  -0.08271   0.00000-0.0827
  2s    2.    -352.28328   -352.28328-0.08240   -352.36568   -352.36568  0.6926  0.6925  -0.23238  -0.06852-0.0812
  2p    6.    -318.26948   -318.26948-0.08248   -318.35196   -318.35196  0.7287  0.7286  -0.72475  -0.08179-0.0819-0.0821-0.0822
  3s    2.     -85.93138    -85.93138-0.08127    -86.01266    -86.01266  1.4024  1.4017  -0.87200  -0.06881-0.0784
  3p    6.     -74.45807    -74.45807-0.08128    -74.53935    -74.53935  1.5066  1.5057  -1.35176  -0.07922-0.0797-0.0799-0.0805
  3d   10.     -56.66365    -56.66365-0.08140    -56.74506    -56.74506  1.7270  1.7258  -2.16150  -0.08069-0.0808-0.0808-0.0812
  4s    2.     -28.52516    -28.52516-0.07812    -28.60328    -28.60328  2.4340  2.4307  -2.30370  -0.06786-0.0743
  4p    6.     -24.41340    -24.41340-0.07771    -24.49111    -24.49111  2.6311  2.6269  -2.76123  -0.07479-0.0757-0.0762-0.0772
  4d    1.     -18.97093    -18.97093-0.07682    -19.04775    -19.04775  2.9847  2.9787  -2.83765  -0.07643
  4f    1.     -12.88071    -12.88071-0.07452    -12.95522    -12.95522  3.6222  3.6118  -2.91217  -0.07452

0                           ecorrt=  -3.06363 (old)              ect=  -2.91217 (new)     etotrl=      0.00000 +  0.00000 +  0.00000

      etot= -12241.76438 -12241.76438         -12244.82801 -12244.82801 -12244.67655 -12244.67655 -12244.67655


 Sn12+  4d14f1          8 -12244.6765 0    4.9063 2    0.3873 2  107.5998 3   70.5537 3
   127.5268 4   82.0396 4   58.6482 4


0    t(run)=  0.05,     t(job)=   0.11 seconds
