1
   Sn8+   4p64d6           nconf=  1    z= 50    ncores= 8    nvales= 1    ion= 8    r(i)/x(i)=0.24031862      ca1=0.700

 tolstb=1.000   tolk-2=0.20000   tolend= 0.5E-07   thresh= 0.1E-10   kut=-1    exf=0.650   corrf=1.000      ca0= 0.500

0rcn mod 36  ihf1= 2        mesh= 641   idb= 641   rdb=1574.928   emx=   0.00   r(mesh)=1574.928     irel= 1     ib= 641
0hfr      energy = e(av)


0    t(run)=  0.05,     t(job)=   0.05 seconds
1Sn8+   4p64d6         nconf=  1      z= 50     ion= 8     kut=-1      exf=0.650     corrf=1.000   ca1=0.700   ca0=0.500



                           rscore(i)           rsvale(i)           rsatom(i)           pnl( 1s)            pnl( 2s) 
    r (a0)    nc          1         6         1         6         1         6         1         6         1         6


    0.0000     0       0.00000   9.85405   0.00000   0.00000   0.00000   9.85405  0.000000  2.079685  0.000000  0.696599
    0.0060     1      26.58845  41.98945   0.00000   0.00001  26.58845  41.98946  3.418618  4.297014  1.126321  1.380628
    0.0120     2      53.35931  60.35972   0.00003   0.00011  53.35935  60.35983  4.839787  5.133479  1.500703  1.516292
    0.0180     3      63.66060  64.26486   0.00030   0.00068  63.66090  64.26554  5.242429  5.215691  1.450667  1.322589
    0.0240     4      63.17538  59.13170   0.00137   0.00426  63.17674  59.13597  5.091040  4.658017  1.147389  0.703790
    0.0360     5      55.99878  55.54313   0.01045   0.02170  56.00924  55.56484  4.104965  3.525717  0.196127 -0.324963
    0.0481     6      57.80964  62.00896   0.03992   0.06695  57.84956  62.07592  2.972146  2.470302 -0.826024 -1.285729
    0.0601     7      67.11577  72.19716   0.10442   0.15356  67.22018  72.35072  2.030654  1.654591 -1.692184 -2.039783
    0.0721     8      76.55541  81.61906   0.21518   0.37647  76.77059  81.99552  1.338526  0.861370 -2.327260 -2.730333
    0.0961     9      81.43117  77.27647   0.58445   0.82831  82.01563  78.10478  0.545015  0.340627 -2.932816 -2.976748
    0.1202    10      71.14755  64.85729   1.09235   1.35859  72.23990  66.21588  0.210943  0.129717 -2.903964 -2.751235
    0.1442    11      59.65989  56.19564   1.60915   1.828 Eav & pars     4 -12308.0271 0106.5699 1 71.4150 1  3.9810 2
 finished  Sn8+   4p64d6   at   t(run)=  0.05,     t(job)=   0.05 seconds


 Sn8+   4p54d7      Z= 50   Ion stage=  8   Noelec= 42   IREL=1   EMX=  0.00   IDB= 641   R( 641)=1574.9

  it  time   delta  idel kut itp  1s    2s    2p    3s    3p    3d    4s    4p    4d
                                   2.    2.    6.    2.    6.   10.    2.    5.    7.
   1  0.00 -0.605409 140  0   1  0.400 0.000 0.000 0.000 0.000 0.000 0.000 0.000 0.000
   2  0.00  0.317331 123  0   1  0.400 0.000 0.000 0.000 0.000 0.000 0.000 0.000 0.000
   3  0.00  0.177232 121  0   2  0.320 0.320 0.320 0.320 0.320 0.320 0.320 0.320 0.320
   4  0.02 -0.040425 126 -1   2  0.320 0.320 0.320 0.320 0.320 0.320 0.320 0.320 0.320
   5  0.02 -0.029192 122 -1   3  0.480 0.320 0.480 0.480 0.480 0.480 0.480 0.480 0.480
   6  0.02  0.011685 256 -1   4  0.720 0.213 0.720 0.720 0.720 0.720 0.720 0.720 0.720
   7  0.02  0.005859 207 -1   5  0.720 0.320 1.000 1.000 1.000 1.000 1.000 1.000 1.000
   8  0.02 -0.002427 187 -1   6  0.720 0.480 1.000 1.000 1.000 1.000 1.000 1.000 1.000
   9  0.02  0.000983 176 -1   7  1.000 0.720 1.000 0.667 0.667 0.667 0.667 0.667 0.667
  10  0.03  0.000102  62 -1   8  1.000 1.000 1.000 0.667 0.667 0.667 0.667 0.667 0.667
  11  0.03 -0.000021 168 -1   9  1.000 1.000 1.000 1.000 0.444 1.000 1.000 1.000 1.000
  12  0.03 -0.000008  83 -1  10  0.667 0.667 1.000 0.667 0.444 0.667 0.667 0.667 0.667
  13  0.03  0.000001 144 -1  11  0.667 0.667 0.667 1.000 0.667 1.000 0.667 0.667 0.667
  14  0.03 -0.000000 136 -1  12  0.667 0.667 1.000 0.667 1.000 0.667 0.444 0.444 0.444
  15  0.03  0.000000 136 -1  13  1.000 0.667 1.000 0.667 1.000 0.667 0.444 0.444 0.667
  16  0.03 -0.000000 215 -1  14  1.000 0.667 1.000 1.000 0.667 0.444 0.667 0.667 1.000
 Eav & pars     8 -12302.5214 0106.7391 1 71.5288 1 42.7763 2  4.0071 2
 112.9990 3143.5726 4 89.7446 4
 finished  Sn8+   4p54d7   at   t(run)=  0.06,     t(job)=   0.11 seconds


 Sn8+   4d54f1      Z= 50   Ion stage=  8   Noelec= 42   IREL=1   EMX=  0.00   IDB= 641   R( 641)=1574.9

  it  time   delta  idel kut itp  1s    2s    2p    3s    3p    3d    4s    4p    4d    4f
                                   2.    2.    6.    2.    6.   10.    2.    6.    5.    1.
   1  0.00 -0.641980 137  0   1  0.400 0.000 0.000 0.000 0.000 0.000 0.000 0.000 0.000 0.000
   2  0.00  0.304028 129  0   1  0.400 0.000 0.000 0.000 0.000 0.000 0.000 0.000 0.000 0.000
   3  0.00  0.168171 123  0   2  0.320 0.320 0.320 0.320 0.320 0.320 0.320 0.320 0.320 0.320
   4  0.01 -0.038772 126 -1   2  0.320 0.320 0.320 0.320 0.320 0.320 0.320 0.320 0.320 0.320
   5  0.01 -0.027956 121 -1   3  0.480 0.320 0.480 0.480 0.480 0.480 0.480 0.480 0.480 0.480
   6  0.01  0.013683 261 -1   4  0.720 0.480 0.720 0.720 0.720 0.720 0.720 0.720 0.720 0.720
   7  0.01  0.006586 210 -1   5  0.720 0.720 1.000 1.000 1.000 1.000 1.000 1.000 1.000 1.000
   8  0.02 -0.002690 188 -1   6  0.480 1.000 1.000 1.000 1.000 1.000 1.000 1.000 1.000 1.000
   9  0.02  0.001020 181 -1   7  0.720 1.000 1.000 1.000 0.667 0.667 0.667 0.667 0.667 0.667
  10  0.02 -0.000078 140 -1   8  1.000 0.667 0.667 0.667 0.667 0.667 0.667 0.667 0.667 0.667
  11  0.02  0.000009 187 -1   9  1.000 0.667 0.667 1.000 0.444 0.444 0.667 0.444 0.444 0.444
  12  0.02  0.000004 182 -1  10  1.000 1.000 1.000 1.000 0.667 0.667 0.667 0.667 0.667 0.667
  13  0.02  0.000000  90 -1  11  0.667 1.000 1.000 1.000 0.667 0.667 1.000 0.667 0.667 0.667
  14  0.04 -0.000000  92 -1  12  0.667 0.667 1.000 1.000 0.667 0.444 1.000 1.000 1.000 0.667
  15  0.04  0.000000 135 -1  13  1.000 0.667 0.667 1.000 0.444 0.667 1.000 1.000 1.000 1.000
  16  0.04 -0.000000 190 -1  14  1.000 0.800 0.667 0.667 0.667 0.800 0.667 0.667 0.667 0.800
 Eav & pars    10 -12302.7604 0107.3736 1 72.0001 1  4.0593 2  0.2045 2
  85.6680 3 54.7774 3102.4262 4 63.6557 4 44.8602 4
 finished  Sn8+   4d54f1   at   t(run)=  0.05,     t(job)=   0.17 seconds
.
Finished at                                   0:00:22.29, Thu 07/17/2025
Time spent:                                  0 hr 0 min 0.18 sec
762249  0.877273  0.099074  0.142975  0.006200 -0.101522
    0.0481     6      2.283795  2.495852 -0.435830 -0.633250  0.966720  1.029083  0.194242  0.252044 -0.201816 -0.289741
    0.0601     7      2.664089  2.790259 -0.798474 -0.928381  1.064322  1.073424  0.315459  0.383524 -0.362373 -0.418274
    0.0721     8      2.877258  2.948344 -1.022149 -1.105564  1.058074  0.962791  0.455277  0.606166 -0.457081 -0.485552
    0.0961     9      2.908490  2.788087 -1.066160 -0.928885  0.797793  0.582874  0.761314  0.914969 -0.456335 -0.381686
    0.1202    10      2.613687  2.406966 -0.720013 -0.463932  0.336210  0.073420  1.062532  1.200508 -0.274627 -0.147368
    0.1442    11      2.184737  1.959457 -0.181670  0.109598 -0.192705 -0.452207  1.326398  1.438560 -0.010545  0.127048
    0.1682    12      1.739926  1.339261  0.396472  0.920186 -0.697662 -1.127301  1.536067  1.686185  0.258529  0.484089
    0.2163    13      1.005587  0.741208  1.342506  1.648629 -1.459734 -1.692237  1.778802  1.820138  0.641921  0.725034
    0.2644    14      0.538739  0.387404  1.843016  1.940058 -1.833085 -1.895851  1.818303  1.781837  0.737210  0.688097
    0.3124    15      0.276292  0.195796  1.958019  1.915440 -1.895773 -1.847645  1.718847  1.636572  0.589869  0.455114
    0.3605    16      0.138066  0.067901  1.829226  1.580886 -1.764721 -1.537453  1.541207  1.330736  0.295629 -0.057582
    0.4566    17      0.032955  0.015645  1.296901  1.025241 -1.280056 -1.031395  1.117172  0.917911 -0.406060 -0.712214
    0.5527    18      0.007271  0.003329  0.788600  0.594144 -0.810925 -0.625757  0.741628  0.591307 -0.957258 -1.135915
    0.6489    19      0.001508  0.000678  0.440582  0.322735 -0.475925 -0.357909  0.466513  0.364977 -1.251338 -1.311261
    0.7450    20      0.000303  0.000060  0.234196  0.120931 -0.266802 -0.145492  0.283630  0.168732 -1.325346 -1.254939
    0.9372    21      0.000012  0.000002  0.061479  0.030999 -0.078080 -0.041535  0.098994  0.057558 -1.108304 -0.933557
    1.1295    22      0.000000  0.000000  0.015428  0.007490 -0.021933 -0.011383  0.033249  0.019067 -0.759945 -0.602836
    1.3218    23      0.000000  0.000000  0.003568  0.001676 -0.005795 -0.002910  0.010797  0.006043 -0.468611 -0.358354
    1.5140    24      0.000000  0.000000  0.000779  0.000165 -0.001446 -0.000349  0.003354  0.001014 -0.270350 -0.148927
    1.8985    25      0.000000  0.000000  0.000034  0.000007 -0.000083 -0.000019  0.000302  0.000089 -0.079274 -0.041084
    2.2830    26      0.000000  0.000000  0.000001  0.000000 -0.000004 -0.000001  0.000026  0.000007 -0.020821 -0.010320
    2.6675    27      0.000000  0.000000  0.000000  0.000000 -0.000000 -0.000000  0.000002  0.000001 -0.005003 -0.002387
    3.0520    28      0.000000  0.000000  0.000000  0.000000 -0.000000 -0.000000  0.000000  0.000000 -0.001125 -0.000244
    3.8211    29      0.000000  0.000000  0.000000  0.000000 -0.000000 -0.000000  0.000000  0.000000 -0.000051 -0.000011
    4.5901    30      0.000000  0.000000  0.000000  0.000000 -0.000000 -0.000000  0.000000  0.000000 -0.000002 -0.000000
    5.3591    31      0.000000  0.000000  0.000000  0.000000 -0.000000 -0.000000  0.000000  0.000000 -0.000000 -0.000000
    6.1281    32      0.000000  0.000000  0.000000  0.000000  0.000000  0.000000  0.000000  0.000000 -0.000000 -0.000000
    7.6662    33      0.000000  0.000000  0.000000  0.000000  0.000000  0.000000  0.000000  0.000000 -0.000000 -0.000000
    9.2042    34      0.000000  0.000000  0.000000  0.000000  0.000000  0.000000  0.000000  0.000000 -0.000000 -0.000000
   10.7422    35      0.000000  0.000000  0.000000  0.000000  0.000000  0.000000  0.000000  0.000000 -0.000000 -0.000000
   12.2803    36      0.000000  0.000000  0.000000  0.000000  0.000000  0.000000  0.000000  0.000000  0.000000  0.000000
1Sn8+   4p64d6         nconf=  1      z= 50     ion= 8     kut=-1      exf=0.650     corrf=1.000   ca1=0.700   ca0=0.500



                           pnl( 4p)            pnl( 4d) 
    r (a0)    nc          1         6         1         6         1         6         1         6         1         6


    0.0000     0      0.000000  0.006058  0.000000  0.000044
    0.0060     1      0.021768  0.044556  0.000327  0.001039
    0.0120     2      0.072423  0.103730  0.002328  0.004307
    0.0180     3      0.137121  0.171474  0.007058  0.010640
    0.0240     4      0.205859  0.271816  0.015091  0.026655
    0.0360     5      0.330471  0.378998  0.041735  0.060142
    0.0481     6      0.415820  0.440278  0.081569  0.105636
    0.0601     7      0.452378  0.452600  0.131920  0.159981
    0.0721     8      0.441743  0.390955  0.189378  0.250488
    0.0961     9      0.309212  0.206003  0.312104  0.371553
    0.1202    10      0.090122 -0.030796  0.426682  0.475848
    0.1442    11     -0.150448 -0.263913  0.517873  0.551984
    0.1682    12     -0.367478 -0.535351  0.577758  0.603954
    0.2163    13     -0.643303 -0.690608  0.597763  0.562655
    0.2644    14     -0.682559 -0.627551  0.503154  0.424109
    0.3124    15     -0.535128 -0.414782  0.330238  0.225887
    0.3605    16     -0.275280  0.031504  0.114911 -0.113823
    0.4566    17      0.337236  0.612588 -0.335434 -0.536870
    0.5527    18      0.841556  1.018163 -0.710467 -0.852838
    0.6489    19      1.143038  1.220736 -0.963619 -1.044431
    0.7450    20      1.257787  1.238576 -1.098070 -1.137517
    0.9372    21      1.138603  0.999028 -1.109584 -1.038556
    1.1295    22      0.847585  0.701054 -0.943268 -0.837280
    1.3218    23      0.568407  0.453488 -0.729807 -0.626752
    1.5140    24      0.357003  0.214228 -0.531600 -0.370972
    1.8985    25      0.124263  0.070198 -0.250577 -0.164926
    2.2830    26      0.038819  0.021084 -0.106272 -0.067272
    2.6675    27      0.011263  0.005920 -0.041945 -0.025814
    3.0520    28      0.003072  0.000803 -0.015708 -0.005650
    3.8211    29      0.000204  0.000051 -0.001969 -0.000669
    4.5901    30      0.000012  0.000003 -0.000223 -0.000073
    5.3591    31      0.000001  0.000000 -0.000023 -0.000007
    6.1281    32      0.000000  0.000000 -0.000002 -0.000000
    7.6662    33      0.000000  0.000000 -0.000000 -0.000000
    9.2042    34      0.000000  0.000000 -0.000000 -0.000000
   10.7422    35      0.000000  0.000000 -0.000000 -0.000000
   12.2803    36      0.000000  0.000000 -0.000000  0.000000
1Sn8+   4p64d6         nconf=  1      z= 50     ion= 8     kut=-1      exf=0.650     corrf=1.000   ca1=0.700   ca0=0.500






  nl   wnl         ee          az      (r-3)      (r-2)      (r-1)      (r+1)      (r+2)      (r+3)      (r+4)      (r+6)

  1s    2.   -2167.80570   1006.015  0.000E+00  6.062E+03  5.299E+01  2.909E-02  1.145E-03  5.695E-05  3.425E-06  1.963E-08
  2s    2.    -343.13715    340.235  0.000E+00  6.767E+02  1.212E+01  1.254E-01  1.855E-02  3.123E-03  5.923E-04  2.956E-05
  2p    6.    -309.11256   4069.443  4.496E+03  1.834E+02  1.159E+01  1.099E-01  1.473E-02  2.338E-03  4.302E-04  2.131E-05
  3s    2.     -77.33425    150.180  0.000E+00  1.336E+02  4.327E+00  3.373E-01  1.300E-01  5.529E-02  2.573E-02  7.213E-03
  3p    6.     -65.85979   1875.546  8.328E+02  3.608E+01  4.102E+00  3.358E-01  1.307E-01  5.669E-02  2.717E-02  8.278E-03
  3d   10.     -48.04869   4318.277  1.196E+02  1.880E+01  3.875E+00  3.130E-01  1.160E-01  4.993E-02  2.460E-02  8.539E-03
  4s    2.     -21.24766     67.460  0.000E+00  2.759E+01  1.723E+00  7.995E-01  7.188E-01  7.048E-01  7.477E-01  1.056E+00
  4p    6.     -17.40110    820.446  1.555E+02  7.346E+00  1.588E+00  8.495E-01  8.166E-01  8.606E-01  9.865E-01  1.649E+00
  4d    6.     -11.85265   1826.524  1.799E+01  3.354E+00  1.362E+00  9.581E-01  1.054E+00  1.292E+00  1.745E+00  4.191E+00

       42.                                      1.537E+04  2.929E+02  1.923E+01  1.500E+01  1.529E+01  1.835E+01  3.730E+01

        1.                                      3.659E+02  6.974E+00  4.579E-01  3.570E-01  3.641E-01  4.370E-01  8.881E-01



            --------------------zeta---------------------
  nl   wnl    ----blume-watson----     -----(r*vi)-----     i (ryd)      eps s       evel       edar   evel+edar    erel
                 (ryd)      (cm-1)     (ryd)      (cm-1)
  1s    2.      0.00000       0.000   0.00000       0.000-2585.19169 -2157.97166 -528.28156  440.09394  -88.188 -2246.15928
  2s    2.      0.00000       0.000   0.00000       0.000 -646.67006  -339.72596  -72.96338   48.91239  -24.051  -363.77696
  2p    6.     11.22268 1231546.201  11.52246 1264444.135 -630.18560  -307.93407   -9.42473    0.00153   -9.425  -317.35879
  3s    2.      0.00000       0.000   0.00000       0.000 -270.03512   -75.80275  -14.83416    9.49154   -5.343   -81.14536
  3p    6.      2.07658  227878.260   2.12709  233420.685 -261.20859   -65.20198   -2.28829    0.00173   -2.288   -67.49027
  3d   10.      0.24288   26653.028   0.25910   28432.773 -251.72080   -48.69859   -0.53198   -0.01432   -0.532   -49.23056
  4s    2.      0.00000       0.000   0.00000       0.000 -128.22396   -20.88866   -3.03033    1.91349   -1.117   -22.00551
  4p    6.      0.38736   42507.850   0.39623   43481.236 -120.46240   -17.45447   -0.45564    0.00044   -0.456   -17.91010
  4d    6.      0.03628    3981.044   0.03844    4217.979 -106.58619   -12.22649   -0.09540   -0.00202   -0.095   -12.32189
1Sn8+   4p64d6         nconf=  1      z= 50     ion= 8     kut=-1      exf=0.650     corrf=1.000   ca1=0.700   ca0=0.500





0               without correlation                with correlation
              -----------------------           -----------------------
  nl   wnl       eps fg      eps fgr    corr       eps fg      eps fgr     n*r     n*rc     ect     ec-----------------

  1s    2.   -2167.72316  -2167.72316-0.08293  -2167.80609  -2167.80609  0.1933  0.1933  -0.08271   0.00000-0.0827
  2s    2.    -343.05473   -343.05473-0.08240   -343.13713   -343.13713  0.4859  0.4859  -0.23236  -0.06851-0.0811
  2p    6.    -309.03034   -309.03034-0.08248   -309.11283   -309.11283  0.5120  0.5119  -0.72473  -0.08179-0.0819-0.0821-0.0822
  3s    2.     -77.25288    -77.25288-0.08128    -77.33416    -77.33416  1.0240  1.0234  -0.87184  -0.06870-0.0784
  3p    6.     -65.77856    -65.77856-0.08128    -65.85984    -65.85984  1.1097  1.1090  -1.35149  -0.07920-0.0796-0.0799-0.0804
  3d   10.     -47.96728    -47.96728-0.08141    -48.04869    -48.04869  1.2995  1.2984  -2.16108  -0.08068-0.0808-0.0808-0.0812
  4s    2.     -21.16902    -21.16902-0.07842    -21.24744    -21.24744  1.9561  1.9525  -2.30160  -0.06662-0.0739
  4p    6.     -17.32325    -17.32325-0.07800    -17.40125    -17.40125  2.1624  2.1575  -2.75646  -0.07421-0.0752-0.0758-0.0769
  4d    6.     -11.77585    -11.77585-0.07679    -11.85264    -11.85264  2.6227  2.6142  -3.21370  -0.07545-0.0758-0.0761-0.0768

0                           ecorrt=  -3.37541 (old)              ect=  -3.21370 (new)     etotrl=      0.00000 +  0.00000 +  0.00000

      etot= -12304.81342 -12304.81342         -12308.18883 -12308.18883 -12308.02711 -12308.02711 -12308.02711


 Sn8+   4p64d6          4 -12308.0271 0  106.5699 1   71.4150 1    3.9810 2


0    t(run)=  0.05,     t(job)=   0.05 seconds
1
   Sn8+   4p54d7           nconf=  2    z= 50    ncores= 8    nvales= 1    ion= 8    r(i)/x(i)=0.24031862      ca1=0.700

 tolstb=1.000   tolk-2=0.20000   tolend= 0.5E-07   thresh= 0.1E-10   kut=-1    exf=0.650   corrf=1.000      ca0= 0.500

0rcn mod 36  ihf1= 2        mesh= 641   idb= 641   rdb=1574.928   emx=   0.00   r(mesh)=1574.928     irel= 1     ib= 641
0hfr      energy = e(av)


0    t(run)=  0.05,     t(job)=   0.10 seconds
1Sn8+   4p54d7         nconf=  2      z= 50     ion= 8     kut=-1      exf=0.650     corrf=1.000   ca1=0.700   ca0=0.500



                           rscore(i)           rsvale(i)           rsatom(i)           pnl( 1s)            pnl( 2s) 
    r (a0)    nc          1         6         1         6         1         6         1         6         1         6


    0.0000     0       0.00000   9.85445   0.00000   0.00000   0.00000   9.85445  0.000000  2.079715  0.000000  0.696635
    0.0060     1      26.58912  41.98921   0.00000   0.00001  26.58912  41.98922  3.418667  4.297073  1.126377  1.380694
    0.0120     2      53.35619  60.35123   0.00004   0.00013  53.35622  60.35136  4.839849  5.133541  1.500770  1.516353
    0.0180     3      63.64407  64.23766   0.00035   0.00080  63.64443  64.23846  5.242486  5.215741  1.450716  1.322623
    0.0240     4      63.13512  59.05995   0.00161   0.00501  63.13672  59.06496  5.091080  4.658034  1.147404  0.703762
    0.0360     5      55.89211  55.40279   0.01228   0.02550  55.90439  55.42829  4.104958  3.525689  0.196054 -0.325077
    0.0481     6      57.64100  61.82036   0.04691   0.07867  57.68791  61.89903  2.972099  2.470242 -0.826171 -1.285901
    0.0601     7      66.91720  71.99900   0.12269   0.18043  67.03989  72.17943  2.030584  1.654516 -1.692371 -2.039974
    0.0721     8      76.36734  81.47356   0.25282   0.44226  76.62016  81.91582  1.338450  0.861300 -2.327447 -2.730492
    0.0961     9      81.34313  77.24238   0.68651   0.97282  82.02964  78.21520  0.544957  0.340584 -2.932929 -2.976810
    0.1202    10      71.14937  64.86861   1.28274   1.59515  72.43211  66.46377  0.210912  0.129698 -2.903977 -2.751207
    0.1442    11      59.65232  56.14393   1.88903   2.14570  61.54135  58.28963  0.079297  0.048200 -2.548537 -2.319233
    0.1682    12      54.48281  55.68340   2.35030   2.56710  56.83310  58.25050  0.029098  0.010429 -2.080499 -1.619259
    0.2163    13      59.98953  64.10869   2.51334   2.22516  62.50287  66.33386  0.003678  0.001282 -1.218944 -0.895679
    0.2644    14      66.03177  65.09926   1.77768   1.26121  67.80945  66.36047  0.000443  0.000152 -0.646424 -0.460239
    0.3124    15      61.58308  56.21807   0.76295   0.35540  62.34603  56.57347  0.000052  0.000018 -0.324295 -0.226687
    0.3605    16      49.85150  36.94159   0.09080   0.09366  49.94230  37.03525  0.000006  0.000001 -0.157481 -0.074977
    0.4566    17      26.59036  19.82004   0.79940   2.03970  27.38976  21.85973  0.000000  0.000000 -0.035157 -0.016092
    0.5527    18      16.09027  14.34926   3.56458   5.12872  19.65485  19.47798  0.000000  0.000000 -0.007190 -0.003159
    0.6489    19      13.62350  13.23151   6.53965   7.67410  20.16315  20.90561  0.000000  0.000000 -0.001372 -0.000591
    0.7450    20      12.79050  11.26787   8.47390   9.07616  21.26439  20.34403  0.000000  0.000000 -0.000253 -0.000046
    0.9372    21       9.06975   6.75659   8.62024   7.53904  17.68999  14.29563  0.000000  0.000000 -0.000008 -0.000001
    1.1295    22       4.73560   3.16433   6.20917   4.88500  10.94477   8.04933  0.000000  0.000000 -0.000000 -0.000000
    1.3218    23       2.03567   1.26989   3.70641   2.73020   5.74208   4.00009  0.000000  0.000000 -0.000000 -0.000000
    1.5140    24       0.77228   0.26868   1.96193   0.95356   2.73422   1.22224  0.000000  0.000000 -0.000000 -0.000000
    1.8985    25       0.08770   0.02725   0.43434   0.18789   0.52203   0.21514  0.000000  0.000000 -0.000000 -0.000000
    2.2830    26       0.00814   0.00235   0.07791   0.03118   0.08605   0.03353  0.000000  0.000000 -0.000000 -0.000000
    2.6675    27       0.00066   0.00018   0.01211   0.00458   0.01277   0.00476  0.000000  0.000000 -0.000000 -0.000000
    3.0520    28       0.00005   0.00000   0.00169   0.00022   0.00174   0.00022  0.000000  0.000000  0.000000  0.000000
    3.8211    29       0.00000   0.00000   0.00003   0.00000   0.00003   0.00000  0.000000  0.000000  0.000000  0.000000
    4.5901    30       0.00000   0.00000   0.00000   0.00000   0.00000   0.00000  0.000000  0.000000  0.000000  0.000000
    5.3591    31       0.00000   0.00000   0.00000   0.00000   0.00000   0.00000  0.000000  0.000000  0.000000  0.000000
    6.1281    32       0.00000   0.00000   0.00000   0.00000   0.00000   0.00000  0.000000  0.000000  0.000000  0.000000
    7.6662    33       0.00000   0.00000   0.00000   0.00000   0.00000   0.00000  0.000000  0.000000  0.000000  0.000000
    9.2042    34       0.00000   0.00000   0.00000   0.00000   0.00000   0.00000  0.000000  0.000000  0.000000  0.000000
   10.7422    35       0.00000   0.00000   0.00000   0.00000   0.00000   0.00000  0.000000  0.000000  0.000000  0.000000
   12.2803    36       0.00000   0.00000   0.00000   0.00000   0.00000   0.00000  0.000000  0.000000  0.000000  0.000000
1Sn8+   4p54d7         nconf=  2      z= 50     ion= 8     kut=-1      exf=0.650     corrf=1.000   ca1=0.700   ca0=0.500



                           pnl( 2p)            pnl( 3s)            pnl( 3p)            pnl( 3d)            pnl( 4s) 
    r (a0)    nc          1         6         1         6         1         6         1         6         1         6


    0.0000     0      0.000000  0.030075  0.000000  0.307012  0.000000  0.013846  0.000000  0.000103  0.000000  0.138116
    0.0060     1      0.108209  0.221932  0.495197  0.604734  0.049761  0.101888  0.000774  0.002460  0.222663  0.271704
    0.0120     2      0.361676  0.519711  0.653778  0.655560  0.165682  0.237428  0.005512  0.010198  0.293409  0.293740
    0.0180     3      0.689725  0.866559  0.620537  0.557237  0.314060  0.393040  0.016718  0.025211  0.277423  0.248320
    0.0240     4      1.046005  1.399761  0.472707  0.262438  0.472275  0.624962  0.035770  0.063244  0.209629  0.113720
    0.0360     5      1.731142  2.028046  0.025821 -0.212558  0.761966  0.876945  0.099144  0.143076  0.006172 -0.101737
    0.0481     6      2.283881  2.495931 -0.435832 -0.633228  0.966355  1.028691  0.194376  0.252216 -0.202201 -0.290271
    0.0601     7      2.664157  2.790314 -0.798428 -0.928313  1.063913  1.073008  0.315671  0.383776 -0.363018 -0.419002
    0.0721     8      2.877297  2.948348 -1.022059 -1.105439  1.057662  0.962417  0.455571  0.606540 -0.457859 -0.486340
    0.0961     9      2.908464  2.788039 -1.066012 -0.928730  0.797492  0.582671  0.761762  0.915481 -0.457027 -0.382204
    0.1202    10      2.613627  2.406904 -0.719866 -0.463805  0.336126  0.073462  1.063096  1.201113 -0.274920 -0.147409
    0.1442    11      2.184680  1.959411 -0.181572  0.109663 -0.192536 -0.451920  1.327031  1.439210 -0.010328  0.127511
    0.1682    12      1.739893  1.339256  0.396503  0.920164 -0.697269 -1.126756  1.536725  1.686832  0.259217  0.485126
    0.2163    13      1.005602  0.741232  1.342459  1.648590 -1.459123 -1.691642  1.779409  1.820679  0.643146  0.726282
    0.2644    14      0.538764  0.387426  1.843007  1.940093 -1.832570 -1.895459  1.818761  1.782197  0.738329  0.688966
    0.3124    15      0.276307  0.195804  1.958099  1.915560 -1.895529 -1.847556  1.719098  1.636707  0.590398  0.455250
    0.3605    16      0.138068  0.067893  1.829375  1.581049 -1.764782 -1.537766  1.541223  1.330518  0.295352 -0.058646
    0.4566    17      0.032942  0.015634  1.297024  1.025282 -1.280535 -1.031952  1.116740  0.917295 -0.407739 -0.714260
    0.5527    18      0.007263  0.003324  0.788540  0.593984 -0.811488 -0.626280  0.740865  0.590440 -0.959409 -1.137942
    0.6489    19      0.001505  0.000676  0.440337  0.322428 -0.476383 -0.358295  0.465583  0.364023 -1.253061 -1.312557
    0.7450    20      0.000302  0.000060  0.233853  0.120579 -0.267120 -0.145702  0.282685  0.167880 -1.326150 -1.254746
    0.9372    21      0.000012  0.000002  0.061172  0.030761 -0.078224 -0.041639  0.098288  0.057009 -1.107302 -0.932038
    1.1295    22      0.000000  0.000000  0.015262  0.007390 -0.022009 -0.011433  0.032844  0.018780 -0.758194 -0.601077
    1.3218    23      0.000000  0.000000  0.003512  0.001647 -0.005823 -0.002924  0.010606  0.005923 -0.466987 -0.356943
    1.5140    24      0.000000  0.000000  0.000764  0.000161 -0.001453 -0.000351  0.003280  0.000989 -0.269177 -0.148191
    1.8985    25      0.000000  0.000000  0.000033  0.000007 -0.000083 -0.000019  0.000293  0.000086 -0.078854 -0.040859
    2.2830    26      0.000000  0.000000  0.000001  0.000000 -0.000004 -0.000001  0.000025  0.000007 -0.020708 -0.010267
    2.6675    27      0.000000  0.000000  0.000000  0.000000 -0.000000 -0.000000  0.000002  0.000001 -0.004980 -0.002378
    3.0520    28      0.000000  0.000000  0.000000  0.000000 -0.000000 -0.000000  0.000000  0.000000 -0.001122 -0.000243
    3.8211    29      0.000000  0.000000  0.000000  0.000000 -0.000000 -0.000000  0.000000  0.000000 -0.000051 -0.000011
    4.5901    30      0.000000  0.000000  0.000000  0.000000 -0.000000 -0.000000  0.000000  0.000000 -0.000002 -0.000000
    5.3591    31      0.000000  0.000000  0.000000  0.000000 -0.000000 -0.000000  0.000000  0.000000 -0.000000 -0.000000
    6.1281    32      0.000000  0.000000  0.000000  0.000000  0.000000  0.000000  0.000000  0.000000 -0.000000 -0.000000
    7.6662    33      0.000000  0.000000  0.000000  0.000000  0.000000  0.000000  0.000000  0.000000 -0.000000 -0.000000
    9.2042    34      0.000000  0.000000  0.000000  0.000000  0.000000  0.000000  0.000000  0.000000 -0.000000 -0.000000
   10.7422    35      0.000000  0.000000  0.000000  0.000000  0.000000  0.000000  0.000000  0.000000 -0.000000 -0.000000
   12.2803    36      0.000000  0.000000  0.000000  0.000000  0.000000  0.000000  0.000000  0.000000  0.000000  0.000000
1Sn8+   4p54d7         nconf=  2      z= 50     ion= 8     kut=-1      exf=0.650     corrf=1.000   ca1=0.700   ca0=0.500



                           pnl( 4p)            pnl( 4d) 
    r (a0)    nc          1         6         1         6         1         6         1         6         1         6


    0.0000     0      0.000000  0.006078  0.000000  0.000044
    0.0060     1      0.021837  0.044698  0.000328  0.001043
    0.0120     2      0.072653  0.104059  0.002337  0.004323
    0.0180     3      0.137556  0.172017  0.007084  0.010679
    0.0240     4      0.206510  0.272673  0.015146  0.026752
    0.0360     5      0.331510  0.380185  0.041887  0.060360
    0.0481     6      0.417115  0.441641  0.081863  0.106015
    0.0601     7      0.453769  0.453980  0.132390  0.160548
    0.0721     8      0.443077  0.392107  0.190044  0.251356
    0.0961     9      0.310089  0.206543  0.313166  0.372793
    0.1202    10      0.090293 -0.031000  0.428076  0.477366
    0.1442    11     -0.151016 -0.264819  0.519482  0.553650
    0.1682    12     -0.368685 -0.537018  0.579445  0.605582
    0.2163    13     -0.645226 -0.692582  0.599207  0.563809
    0.2644    14     -0.684404 -0.629116  0.503939  0.424468
    0.3124    15     -0.536299 -0.415483  0.330141  0.225324
    0.3605    16     -0.275468  0.032355  0.113891 -0.115672
    0.4566    17      0.339010  0.615057 -0.337935 -0.539801
    0.5527    18      0.844445  1.021192 -0.713600 -0.855964
    0.6489    19      1.145954  1.223324 -0.966559 -1.047043
    0.7450    20      1.259885  1.239419 -1.100253 -1.138681
    0.9372    21      1.138131  0.997437 -1.109713 -1.037789
    1.1295    22      0.845189  0.698187 -0.941820 -0.835379
    1.3218    23      0.565360  0.450482 -0.727659 -0.624522
    1.5140    24      0.354189  0.212015 -0.529411 -0.369083
    1.8985    25      0.122686  0.069148 -0.249095 -0.163833
    2.2830    26      0.038152  0.020675 -0.105501 -0.066744
    2.6675    27      0.011015  0.005771 -0.041593 -0.025585
    3.0520    28      0.002984  0.000774 -0.015560 -0.005592
    3.8211    29      0.000195  0.000048 -0.001947 -0.000661
    4.5901    30      0.000012  0.000003 -0.000220 -0.000072
    5.3591    31      0.000001  0.000000 -0.000023 -0.000007
    6.1281    32      0.000000  0.000000 -0.000002 -0.000000
    7.6662    33      0.000000  0.000000 -0.000000 -0.000000
    9.2042    34      0.000000  0.000000 -0.000000 -0.000000
   10.7422    35      0.000000  0.000000 -0.000000 -0.000000
   12.2803    36      0.000000  0.000000  0.000000  0.000000
1Sn8+   4p54d7         nconf=  2      z= 50     ion= 8     kut=-1      exf=0.650     corrf=1.000   ca1=0.700   ca0=0.500






  nl   wnl         ee          az      (r-3)      (r-2)      (r-1)      (r+1)      (r+2)      (r+3)      (r+4)      (r+6)

  1s    2.   -2168.10726   1006.029  0.000E+00  6.062E+03  5.299E+01  2.909E-02  1.145E-03  5.694E-05  3.424E-06  1.963E-08
  2s    2.    -343.32398    340.252  0.000E+00  6.768E+02  1.212E+01  1.254E-01  1.855E-02  3.122E-03  5.921E-04  2.955E-05
  2p    6.    -309.30650   4069.692  4.496E+03  1.834E+02  1.159E+01  1.099E-01  1.473E-02  2.338E-03  4.302E-04  2.131E-05
  3s    2.     -77.49292    150.163  0.000E+00  1.335E+02  4.327E+00  3.373E-01  1.300E-01  5.527E-02  2.571E-02  7.200E-03
  3p    6.     -66.00909   1874.869  8.322E+02  3.605E+01  4.101E+00  3.359E-01  1.308E-01  5.674E-02  2.720E-02  8.294E-03
  3d   10.     -48.22590   4321.462  1.197E+02  1.882E+01  3.876E+00  3.128E-01  1.158E-01  4.982E-02  2.452E-02  8.480E-03
  4s    2.     -21.21301     67.574  0.000E+00  2.768E+01  1.725E+00  7.986E-01  7.173E-01  7.026E-01  7.446E-01  1.049E+00
  4p    5.     -17.53787    823.056  1.565E+02  7.385E+00  1.592E+00  8.478E-01  8.133E-01  8.551E-01  9.779E-01  1.626E+00
  4d    7.     -11.86700   1833.253  1.809E+01  3.369E+00  1.365E+00  9.563E-01  1.051E+00  1.285E+00  1.733E+00  4.150E+00

       42.                                      1.536E+04  2.928E+02  1.932E+01  1.519E+01  1.564E+01  1.898E+01  3.943E+01

        1.                                      3.658E+02  6.970E+00  4.599E-01  3.616E-01  3.725E-01  4.518E-01  9.387E-01



            --------------------zeta---------------------
  nl   wnl    ----blume-watson----     -----(r*vi)-----     i (ryd)      eps s       evel       edar   evel+edar    erel
                 (ryd)      (cm-1)     (ryd)      (cm-1)
  1s    2.      0.00000       0.000   0.00000       0.000-2585.19299 -2158.27752 -528.29887  440.10729  -88.192 -2246.46910
  2s    2.      0.00000       0.000   0.00000       0.000 -646.67607  -339.90961  -72.97201   48.91730  -24.055  -363.96432
  2p    6.     11.22398 1231688.779  11.52366 1264575.295 -630.18746  -308.12773   -9.42577    0.00157   -9.426  -317.55350
  3s    2.      0.00000       0.000   0.00000       0.000 -270.03482   -75.97464  -14.83098    9.48933   -5.342   -81.31629
  3p    6.      2.07508  227713.826   2.12555  233252.470 -261.17414   -65.37348   -2.28654    0.00175   -2.287   -67.66002
  3d   10.      0.24312   26679.024   0.25938   28463.692 -251.77111   -48.86693   -0.53258   -0.01433   -0.533   -49.39951
  4s    2.      0.00000       0.000   0.00000       0.000 -128.32707   -20.99194   -3.04070    1.91992   -1.121   -22.11273
  4p    5.      0.38981   42776.274   0.39874   43756.150 -120.64219   -17.55265   -0.45854    0.00046   -0.459   -18.01119
  4d    7.      0.03652    4007.065   0.03869    4245.453 -106.75015   -12.31156   -0.09605   -0.00203   -0.096   -12.40761
1Sn8+   4p54d7         nconf=  2      z= 50     ion= 8     kut=-1      exf=0.650     corrf=1.000   ca1=0.700   ca0=0.500





0               without correlation                with correlation
              -----------------------           -----------------------
  nl   wnl       eps fg      eps fgr    corr       eps fg      eps fgr     n*r     n*rc     ect     ec-----------------

  1s    2.   -2168.02473  -2168.02473-0.08293  -2168.10766  -2168.10766  0.1933  0.1933  -0.08271   0.00000-0.0827
  2s    2.    -343.24157   -343.24157-0.08240   -343.32397   -343.32397  0.4858  0.4857  -0.23237  -0.06851-0.0811
  2p    6.    -309.22428   -309.22428-0.08248   -309.30676   -309.30676  0.5118  0.5117  -0.72473  -0.08179-0.0819-0.0821-0.0822
  3s    2.     -77.41155    -77.41155-0.08128    -77.49282    -77.49282  1.0229  1.0224  -0.87185  -0.06870-0.0784
  3p    6.     -65.92787    -65.92787-0.08128    -66.00915    -66.00915  1.1084  1.1077  -1.35148  -0.07920-0.0796-0.0799-0.0804
  3d   10.     -48.14448    -48.14448-0.08141    -48.22589    -48.22589  1.2971  1.2960  -2.16110  -0.08068-0.0808-0.0808-0.0812
  4s    2.     -21.13435    -21.13435-0.07842    -21.21277    -21.21277  1.9577  1.9541  -2.30164  -0.06663-0.0739
  4p    5.     -17.45999    -17.45999-0.07802    -17.53801    -17.53801  2.1539  2.1491  -2.67975  -0.07424-0.0752-0.0758-0.0766
  4d    7.     -11.79012    -11.79012-0.07684    -11.86697    -11.86697  2.6211  2.6126  -3.21273  -0.07517-0.0756-0.0760-0.0768

0                           ecorrt=  -3.37471 (old)              ect=  -3.21273 (new)     etotrl=      0.00000 +  0.00000 +  0.00000

      etot= -12299.30871 -12299.30871         -12302.68342 -12302.68342 -12302.52144 -12302.52144 -12302.52144


 Sn8+   4p54d7          8 -12302.5214 0  106.7391 1   71.5288 1   42.7763 2    4.0071 2
   112.9990 3  143.5726 4   89.7446 4


0    t(run)=  0.06,     t(job)=   0.11 seconds
1
   Sn8+   4d54f1           nconf=  3    z= 50    ncores= 9    nvales= 1    ion= 8    r(i)/x(i)=0.24031862      ca1=0.700

 tolstb=1.000   tolk-2=0.20000   tolend= 0.5E-07   thresh= 0.1E-10   kut=-1    exf=0.650   corrf=1.000      ca0= 0.500

0rcn mod 36  ihf1= 2        mesh= 641   idb= 641   rdb=1574.928   emx=   0.00   r(mesh)=1574.928     irel= 1     ib= 641
0hfr      energy = e(av)


0    t(run)=  0.04,     t(job)=   0.16 seconds
1Sn8+   4d54f1         nconf=  3      z= 50     ion= 8     kut=-1      exf=0.650     corrf=1.000   ca1=0.700   ca0=0.500



                           rscore(i)           rsvale(i)           rsatom(i)           pnl( 1s)            pnl( 2s) 
    r (a0)    nc          1         6         1         6         1         6         1         6         1         6


    0.0000     0       0.00000   9.85474   0.00000   0.00000   0.00000   9.85474  0.000000  2.079680  0.000000  0.696658
    0.0060     1      26.59028  41.99237   0.00000   0.00000  26.59028  41.99237  3.418611  4.297006  1.126416  1.380744
    0.0120     2      53.36313  60.36437   0.00000   0.00000  53.36313  60.36437  4.839778  5.133471  1.500829  1.516419
    0.0180     3      63.66618  64.27168   0.00000   0.00000  63.66618  64.27168  5.242422  5.215685  1.450787  1.322698
    0.0240     4      63.18393  59.14600   0.00000   0.00000  63.18393  59.14600  5.091035  4.658015  1.147482  0.703844
    0.0360     5      56.02289  55.58219   0.00000   0.00000  56.02289  55.58219  4.104966  3.525721  0.196136 -0.325000
    0.0481     6      57.86976  62.09715   0.00000   0.00000  57.86976  62.09715  2.972153  2.470311 -0.826103 -1.285847
    0.0601     7      67.23986  72.36571   0.00001   0.00002  67.23987  72.36573  2.030663  1.654601 -1.692334 -2.039957
    0.0721     8      76.77755  81.97669   0.00003   0.00009  76.77758  81.97678  1.338536  0.861378 -2.327452 -2.730539
    0.0961     9      81.96069  78.00814   0.00020   0.00040  81.96089  78.00854  0.545021  0.340631 -2.933010 -2.976910
    0.1202    10      72.10099  66.03847   0.00074   0.00127  72.10174  66.03974  0.210945  0.129717 -2.904078 -2.751292
    0.1442    11      61.05991  57.79135   0.00205   0.00314  61.06196  57.79449  0.079308  0.048205 -2.548594 -2.319255
    0.1682    12      56.35330  57.88320   0.00461   0.00894  56.35791  57.89214  0.029100  0.010429 -2.080482 -1.619171
    0.2163    13      62.29147  66.26591   0.01555   0.02484  62.30701  66.29074  0.003678  0.001282 -1.218809 -0.895523
    0.2644    14      67.84195  66.44294   0.03712   0.05259  67.87907  66.49553  0.000443  0.000152 -0.646268 -0.460097
    0.3124    15      62.43525  56.63978   0.07131   0.09323  62.50655  56.73302  0.000052  0.000018 -0.324173 -0.226587
    0.3605    16      49.96995  36.97814   0.11823   0.17643  50.08818  37.15457  0.000006  0.000001 -0.157400 -0.074924
    0.4566    17      27.26569  21.68119   0.24326   0.31542  27.50895  21.99661  0.000000  0.000000 -0.035120 -0.016068
    0.5527    18      19.41331  19.14881   0.38941   0.46197  19.80272  19.61078  0.000000  0.000000 -0.007175 -0.003151
    0.6489    19      19.71790  20.32282   0.53033   0.59237  20.24823  20.91519  0.000000  0.000000 -0.001368 -0.000589
    0.7450    20      20.53567  19.35345   0.64660   0.72860  21.18228  20.08205  0.000000  0.000000 -0.000252 -0.000045
    0.9372    21      16.54040  13.11275   0.77459   0.78758  17.31499  13.90032  0.000000  0.000000 -0.000008 -0.000001
    1.1295    22       9.83349   7.07606   0.77288   0.73660  10.60637   7.81265  0.000000  0.000000 -0.000000 -0.000000
    1.3218    23       4.93556   3.36095   0.68475   0.62286   5.62031   3.98381  0.000000  0.000000 -0.000000 -0.000000
    1.5140    24       2.24598   0.96121   0.55571   0.42040   2.80169   1.38160  0.000000  0.000000 -0.000000 -0.000000
    1.8985    25       0.39452   0.15697   0.29989   0.20343   0.69440   0.36040  0.000000  0.000000 -0.000000 -0.000000
    2.2830    26       0.06091   0.02313   0.13211   0.08258   0.19302   0.10572  0.000000  0.000000 -0.000000 -0.000000
    2.6675    27       0.00862   0.00315   0.04992   0.02929   0.05854   0.03245  0.000000  0.000000 -0.000000 -0.000000
    3.0520    28       0.00114   0.00014   0.01674   0.00511   0.01788   0.00525  0.000000  0.000000  0.000000  0.000000
    3.8211    29       0.00002   0.00000   0.00144   0.00038   0.00146   0.00039  0.000000  0.000000  0.000000  0.000000
    4.5901    30       0.00000   0.00000   0.00010   0.00002   0.00010   0.00002  0.000000  0.000000  0.000000  0.000000
    5.3591    31       0.00000   0.00000   0.00001   0.00000   0.00001   0.00000  0.000000  0.000000  0.000000  0.000000
    6.1281    32       0.00000   0.00000   0.00000   0.00000   0.00000   0.00000  0.000000  0.000000  0.000000  0.000000
    7.6662    33       0.00000   0.00000   0.00000   0.00000   0.00000   0.00000  0.000000  0.000000  0.000000  0.000000
    9.2042    34       0.00000   0.00000   0.00000   0.00000   0.00000   0.00000  0.000000  0.000000  0.000000  0.000000
   10.7422    35       0.00000   0.00000   0.00000   0.00000   0.00000   0.00000  0.000000  0.000000  0.000000  0.000000
   12.2803    36       0.00000   0.00000   0.00000   0.00000   0.00000   0.00000  0.000000  0.000000  0.000000  0.000000
   15.3564    37       0.00000   0.00000   0.00000   0.00000   0.00000   0.00000  0.000000  0.000000  0.000000  0.000000
   18.4324    38       0.00000   0.00000   0.00000   0.00000   0.00000   0.00000  0.000000  0.000000  0.000000  0.000000
   21.5085    39       0.00000   0.00000   0.00000   0.00000   0.00000   0.00000  0.000000  0.000000  0.000000  0.000000
   24.5846    40       0.00000   0.00000   0.00000   0.00000   0.00000   0.00000  0.000000  0.000000  0.000000  0.000000
1Sn8+   4d54f1         nconf=  3      z= 50     ion= 8     kut=-1      exf=0.650     corrf=1.000   ca1=0.700   ca0=0.500



                           pnl( 2p)            pnl( 3s)            pnl( 3p)            pnl( 3d)            pnl( 4s) 
    r (a0)    nc          1         6         1         6         1         6         1         6         1         6


    0.0000     0      0.000000  0.030076  0.000000  0.307240  0.000000  0.013862  0.000000  0.000104  0.000000  0.138458
    0.0060     1      0.108212  0.221939  0.495565  0.605184  0.049817  0.102004  0.000774  0.002461  0.223215  0.272378
    0.0120     2      0.361687  0.519727  0.654265  0.656049  0.165870  0.237698  0.005514  0.010202  0.294136  0.294469
    0.0180     3      0.689747  0.866588  0.621002  0.557656  0.314416  0.393485  0.016724  0.025220  0.278113  0.248938
    0.0240     4      1.046041  1.399813  0.473065  0.262641  0.472809  0.625666  0.035783  0.063267  0.210152  0.114007
    0.0360     5      1.731211  2.028135  0.025852 -0.212703  0.762819  0.877920  0.099181  0.143129  0.006195 -0.101979
    0.0481     6      2.283989  2.496059 -0.436140 -0.633679  0.967420  1.029810  0.194450  0.252313 -0.202691 -0.290977
    0.0601     7      2.664304  2.790476 -0.798997 -0.928971  1.065052  1.074132  0.315794  0.383929 -0.363901 -0.420020
    0.0721     8      2.877471  2.948535 -1.022777 -1.106187  1.058738  0.963310  0.455755  0.606792 -0.458968 -0.487504
    0.0961     9      2.908643  2.788190 -1.066683 -0.929236  0.798106  0.582942  0.762084  0.915873 -0.458095 -0.383058
    0.1202    10      2.613732  2.406951 -0.720142 -0.463815  0.336015  0.072961  1.063551  1.201620 -0.275474 -0.147615
    0.1442    11      2.184662  1.959327 -0.181303  0.110203 -0.193411 -0.453134  1.327577  1.439779 -0.010167  0.128030
    0.1682    12      1.739746  1.339008  0.397287  0.921312 -0.698774 -1.128660  1.537299  1.687365  0.260065  0.486486
    0.2163    13      1.005295  0.740908  1.343769  1.649868 -1.461168 -1.693594  1.779839  1.820966  0.644776  0.727934
    0.2644    14      0.538455  0.387150  1.844099  1.940895 -1.834247 -1.896738  1.818884  1.782153  0.739785  0.690057
    0.3124    15      0.276075  0.195618  1.958562  1.915675 -1.896345 -1.847892  1.718901  1.636383  0.591008  0.455312
    0.3605    16      0.137926  0.067822  1.829165  1.580330 -1.764655 -1.536859  1.540801  1.329999  0.294840 -0.060253
    0.4566    17      0.032916  0.015628  1.296022  1.024196 -1.279098 -1.030232  1.116239  0.916894 -0.410223 -0.717333
    0.5527    18      0.007263  0.003326  0.787509  0.593086 -0.809679 -0.624516  0.740608  0.590336 -0.962765 -1.141293
    0.6489    19      0.001507  0.000677  0.439602  0.321854 -0.474742 -0.356816  0.465620  0.364175 -1.256158 -1.315199
    0.7450    20      0.000303  0.000060  0.233422  0.120358 -0.265814 -0.144721  0.282924  0.168210 -1.328189 -1.255334
    0.9372    21      0.000012  0.000002  0.061072  0.030721 -0.077504 -0.041121  0.098628  0.057318 -1.106398 -0.929857
    1.1295    22      0.000000  0.000000  0.015245  0.007381 -0.021645 -0.011195  0.033101  0.018979 -0.755088 -0.597435
    1.3218    23      0.000000  0.000000  0.003507  0.001643 -0.005681 -0.002844  0.010742  0.006007 -0.463161 -0.353208
    1.5140    24      0.000000  0.000000  0.000762  0.000160 -0.001409 -0.000339  0.003330  0.001004 -0.265725 -0.145566
    1.8985    25      0.000000  0.000000  0.000033  0.000007 -0.000080 -0.000019  0.000298  0.000087 -0.077069 -0.039737
    2.2830    26      0.000000  0.000000  0.000001  0.000000 -0.000004 -0.000001  0.000025  0.000007 -0.020041 -0.009884
    2.6675    27      0.000000  0.000000  0.000000  0.000000 -0.000000 -0.000000  0.000002  0.000001 -0.004769 -0.002265
    3.0520    28      0.000000  0.000000  0.000000  0.000000 -0.000000 -0.000000  0.000000  0.000000 -0.001063 -0.000228
    3.8211    29      0.000000  0.000000  0.000000  0.000000 -0.000000 -0.000000  0.000000  0.000000 -0.000048 -0.000010
    4.5901    30      0.000000  0.000000  0.000000  0.000000 -0.000000 -0.000000  0.000000  0.000000 -0.000002 -0.000000
    5.3591    31      0.000000  0.000000  0.000000  0.000000 -0.000000 -0.000000  0.000000  0.000000 -0.000000 -0.000000
    6.1281    32      0.000000  0.000000  0.000000  0.000000  0.000000  0.000000  0.000000  0.000000 -0.000000 -0.000000
    7.6662    33      0.000000  0.000000  0.000000  0.000000  0.000000  0.000000  0.000000  0.000000 -0.000000 -0.000000
    9.2042    34      0.000000  0.000000  0.000000  0.000000  0.000000  0.000000  0.000000  0.000000 -0.000000 -0.000000
   10.7422    35      0.000000  0.000000  0.000000  0.000000  0.000000  0.000000  0.000000  0.000000 -0.000000 -0.000000
   12.2803    36      0.000000  0.000000  0.000000  0.000000  0.000000  0.000000  0.000000  0.000000  0.000000  0.000000
   15.3564    37      0.000000  0.000000  0.000000  0.000000  0.000000  0.000000  0.000000  0.000000  0.000000  0.000000
   18.4324    38      0.000000  0.000000  0.000000  0.000000  0.000000  0.000000  0.000000  0.000000  0.000000  0.000000
   21.5085    39      0.000000  0.000000  0.000000  0.000000  0.000000  0.000000  0.000000  0.000000  0.000000  0.000000
   24.5846    40      0.000000  0.000000  0.000000  0.000000  0.000000  0.000000  0.000000  0.000000  0.000000  0.000000
1Sn8+   4d54f1         nconf=  3      z= 50     ion= 8     kut=-1      exf=0.650     corrf=1.000   ca1=0.700   ca0=0.500



                           pnl( 4p)            pnl( 4d)            pnl( 4f) 
    r (a0)    nc          1         6         1         6         1         6         1         6         1         6


    0.0000     0      0.000000  0.006089  0.000000  0.000044  0.000000  0.000000
    0.0060     1      0.021878  0.044783  0.000330  0.001050  0.000001  0.000003
    0.0120     2      0.072791  0.104257  0.002353  0.004352  0.000009  0.000021
    0.0180     3      0.137817  0.172343  0.007132  0.010751  0.000041  0.000073
    0.0240     4      0.206901  0.273187  0.015247  0.026932  0.000121  0.000274
    0.0360     5      0.332132  0.380892  0.042168  0.060765  0.000529  0.000914
    0.0481     6      0.417884  0.442445  0.082412  0.106726  0.001457  0.002183
    0.0601     7      0.454582  0.454776  0.133279  0.161625  0.003115  0.004276
    0.0721     8      0.443832  0.392718  0.191320  0.253042  0.005684  0.009300
    0.0961     9      0.310486  0.206682  0.315264  0.375284  0.014061  0.020026
    0.1202    10      0.090151 -0.031426  0.430924  0.480524  0.027220  0.035639
    0.1442    11     -0.151708 -0.265747  0.522892  0.557249  0.045255  0.056021
    0.1682    12     -0.369809 -0.538386  0.583167  0.609352  0.067876  0.094564
    0.2163    13     -0.646630 -0.693828  0.602778  0.566970  0.124690  0.157601
    0.2644    14     -0.685333 -0.629614  0.506522  0.426350  0.192669  0.229318
    0.3124    15     -0.536295 -0.414946  0.331240  0.225595  0.267030  0.305342
    0.3605    16     -0.274397  0.034397  0.113318 -0.117881  0.343847  0.420035
    0.4566    17      0.341789  0.618294 -0.341596 -0.544643  0.493216  0.561621
    0.5527    18      0.847864  1.024547 -0.719303 -0.862191  0.624026  0.679683
    0.6489    19      1.149041  1.225990 -0.972979 -1.053346  0.728240  0.769657
    0.7450    20      1.262020  1.240324 -1.106160 -1.143129  0.804116  0.853580
    0.9372    21      1.137785  0.995992 -1.112122 -1.037939  0.880106  0.887455
    1.1295    22      0.842900  0.695344 -0.939794 -0.831471  0.879138  0.858252
    1.3218    23      0.562239  0.447318 -0.722285 -0.618137  0.827495  0.789214
    1.5140    24      0.351158  0.209551 -0.522450 -0.362035  0.745457  0.648381
    1.8985    25      0.120901  0.067956 -0.242872 -0.158812  0.547619  0.451031
    2.2830    26      0.037404  0.020228 -0.101702 -0.064007  0.363465  0.287369
    2.6675    27      0.010760  0.005632 -0.039693 -0.024303  0.223426  0.171154
    3.0520    28      0.002910  0.000755 -0.014713 -0.005231  0.129395  0.071479
    3.8211    29      0.000190  0.000047 -0.001799 -0.000603  0.038007  0.019584
    4.5901    30      0.000011  0.000003 -0.000198 -0.000064  0.009830  0.004825
    5.3591    31      0.000001  0.000000 -0.000020 -0.000006  0.002323  0.001100
    6.1281    32      0.000000  0.000000 -0.000002 -0.000000  0.000513  0.000108
    7.6662    33      0.000000  0.000000 -0.000000 -0.000000  0.000022  0.000004
    9.2042    34      0.000000  0.000000 -0.000000 -0.000000  0.000001  0.000000
   10.7422    35      0.000000  0.000000 -0.000000 -0.000000  0.000000  0.000000
   12.2803    36      0.000000  0.000000  0.000000  0.000000  0.000000  0.000000
   15.3564    37      0.000000  0.000000  0.000000  0.000000  0.000000  0.000000
   18.4324    38      0.000000  0.000000  0.000000  0.000000  0.000000  0.000000
   21.5085    39      0.000000  0.000000  0.000000  0.000000  0.000000  0.000000
   24.5846    40      0.000000  0.000000  0.000000  0.000000  0.000000  0.000000
1Sn8+   4d54f1         nconf=  3      z= 50     ion= 8     kut=-1      exf=0.650     corrf=1.000   ca1=0.700   ca0=0.500






  nl   wnl         ee          az      (r-3)      (r-2)      (r-1)      (r+1)      (r+2)      (r+3)      (r+4)      (r+6)

  1s    2.   -2168.31390   1006.011  0.000E+00  6.062E+03  5.299E+01  2.909E-02  1.145E-03  5.695E-05  3.425E-06  1.963E-08
  2s    2.    -343.62946    340.263  0.000E+00  6.768E+02  1.212E+01  1.254E-01  1.855E-02  3.122E-03  5.920E-04  2.954E-05
  2p    6.    -309.60932   4069.806  4.496E+03  1.834E+02  1.159E+01  1.099E-01  1.472E-02  2.337E-03  4.299E-04  2.128E-05
  3s    2.     -77.70529    150.274  0.000E+00  1.337E+02  4.330E+00  3.371E-01  1.299E-01  5.520E-02  2.566E-02  7.183E-03
  3p    6.     -66.23251   1877.000  8.340E+02  3.612E+01  4.105E+00  3.356E-01  1.305E-01  5.656E-02  2.708E-02  8.232E-03
  3d   10.     -48.42859   4322.969  1.198E+02  1.882E+01  3.877E+00  3.128E-01  1.158E-01  4.983E-02  2.453E-02  8.502E-03
  4s    2.     -21.45059     67.741  0.000E+00  2.781E+01  1.729E+00  7.969E-01  7.140E-01  6.974E-01  7.368E-01  1.031E+00
  4p    6.     -17.57292    824.622  1.571E+02  7.410E+00  1.595E+00  8.461E-01  8.099E-01  8.495E-01  9.689E-01  1.602E+00
  4d    5.     -12.08298   1845.517  1.832E+01  3.404E+00  1.372E+00  9.511E-01  1.039E+00  1.262E+00  1.690E+00  3.983E+00
  4f    1.      -6.52773    528.053  1.813E+00  1.146E+00  9.532E-01  1.277E+00  1.925E+00  3.342E+00  6.555E+00  3.428E+01

       42.                                      1.537E+04  2.927E+02  1.949E+01  1.573E+01  1.711E+01  2.276E+01  6.602E+01

        1.                                      3.659E+02  6.968E+00  4.640E-01  3.746E-01  4.074E-01  5.418E-01  1.572E+00



            --------------------zeta---------------------
  nl   wnl    ----blume-watson----     -----(r*vi)-----     i (ryd)      eps s       evel       edar   evel+edar    erel
                 (ryd)      (cm-1)     (ryd)      (cm-1)
  1s    2.      0.00000       0.000   0.00000       0.000-2585.19140 -2158.47871 -528.27871  440.09079  -88.188 -2246.66663
  2s    2.      0.00000       0.000   0.00000       0.000 -646.67905  -340.22102  -72.97591   48.92063  -24.055  -364.27630
  2p    6.     11.22450 1231746.747  11.52441 1264657.245 -630.19640  -308.43634   -9.42655    0.00163   -9.427  -317.86289
  3s    2.      0.00000       0.000   0.00000       0.000 -270.09429   -76.17169  -14.85317    9.50344   -5.350   -81.52142
  3p    6.      2.07967  228217.376   2.13024  233766.411 -261.28345   -65.57313   -2.29201    0.00174   -2.292   -67.86514
  3d   10.      0.24332   26701.734   0.25956   28483.362 -251.79318   -49.08485   -0.53301   -0.01432   -0.533   -49.61785
  4s    2.      0.00000       0.000   0.00000       0.000 -128.50359   -21.13026   -3.05583    1.92944   -1.126   -22.25664
  4p    6.      0.39125   42934.345   0.40020   43917.336 -120.80062   -17.68568   -0.46039    0.00044   -0.460   -18.14607
  4d    5.      0.03699    4059.312   0.03919    4300.757 -107.16608   -12.44121   -0.09735   -0.00205   -0.097   -12.53856
  4f    1.      0.00186     204.525   0.00221     242.816  -80.17410    -6.86479   -0.00768   -0.00033   -0.008    -6.87247
1Sn8+   4d54f1         nconf=  3      z= 50     ion= 8     kut=-1      exf=0.650     corrf=1.000   ca1=0.700   ca0=0.500





0               without correlation                with correlation
              -----------------------           -----------------------
  nl   wnl       eps fg      eps fgr    corr       eps fg      eps fgr     n*r     n*rc     ect     ec-----------------

  1s    2.   -2168.23136  -2168.23136-0.08293  -2168.31429  -2168.31429  0.1933  0.1933  -0.08271   0.00000-0.0827
  2s    2.    -343.54704   -343.54704-0.08240   -343.62944   -343.62944  0.4856  0.4855  -0.23237  -0.06851-0.0811
  2p    6.    -309.52711   -309.52711-0.08248   -309.60960   -309.60960  0.5116  0.5115  -0.72473  -0.08179-0.0819-0.0821-0.0822
  3s    2.     -77.62391    -77.62391-0.08128    -77.70519    -77.70519  1.0215  1.0210  -0.87187  -0.06872-0.0784
  3p    6.     -66.15127    -66.15127-0.08128    -66.23255    -66.23255  1.1066  1.1059  -1.35153  -0.07920-0.0796-0.0799-0.0804
  3d   10.     -48.34718    -48.34718-0.08141    -48.42859    -48.42859  1.2944  1.2933  -2.16114  -0.08068-0.0808-0.0808-0.0812
  4s    2.     -21.37191    -21.37191-0.07843    -21.45033    -21.45033  1.9468  1.9432  -2.30182  -0.06674-0.0739
  4p    6.     -17.49501    -17.49501-0.07803    -17.57303    -17.57303  2.1517  2.1469  -2.75690  -0.07426-0.0752-0.0758-0.0769
  4d    5.     -12.00598    -12.00598-0.07696    -12.08293    -12.08293  2.5974  2.5891  -3.13769  -0.07553-0.0759-0.0762-0.0767
  4f    1.      -6.45639     -6.45639-0.07132     -6.52772     -6.52772  3.5420  3.5226  -3.20902  -0.07132

0                           ecorrt=  -3.37101 (old)              ect=  -3.20902 (new)     etotrl=      0.00000 +  0.00000 +  0.00000

      etot= -12299.55136 -12299.55136         -12302.92237 -12302.92237 -12302.76038 -12302.76038 -12302.76038


 Sn8+   4d54f1         10 -12302.7604 0  107.3736 1   72.0001 1    4.0593 2    0.2045 2
    85.6680 3   54.7774 3  102.4262 4   63.6557 4   44.8602 4


0    t(run)=  0.05,     t(job)=   0.17 seconds
