1
   Sn6+   4p64d8           nconf=  1    z= 50    ncores= 8    nvales= 1    ion= 6    r(i)/x(i)=0.24031862      ca1=0.700

 tolstb=1.000   tolk-2=0.20000   tolend= 0.5E-07   thresh= 0.1E-10   kut=-1    exf=0.650   corrf=1.000      ca0= 0.500

0rcn mod 36  ihf1= 2        mesh= 641   idb= 641   rdb=1574.928   emx=   0.00   r(mesh)=1574.928     irel= 1     ib= 641
0hfr      energy = e(av)


0    t(run)=  0.04,     t(job)=   0.04 seconds
1Sn6+   4p64d8         nconf=  1      z= 50     ion= 6     kut=-1      exf=0.650     corrf=1.000   ca1=0.700   ca0=0.500



                           rscore(i)           rsvale(i)           rsatom(i)           pnl( 1s)            pnl( 2s) 
    r (a0)    nc          1         6         1         6         1         6         1         6         1         6


    0.0000     0       0.00000   9.85233   0.00000   0.00000   0.00000   9.85233  0.000000  2.079701  0.000000  0.696556
    0.0060     1      26.58380  41.98204   0.00000   0.00001  26.58380  41.98204  3.418642  4.297042  1.126250  1.380540
    0.0120     2      53.34953  60.34780   0.00004   0.00013  53.34957  60.34793  4.839816  5.133507  1.500606  1.516193
    0.0180     3      63.64644  64.24801   0.00036   0.00081  63.64679  64.24882  5.242455  5.215713  1.450570  1.322498
    0.0240     4      63.15514  59.10208   0.00163   0.00508  63.15676  59.10716  5.091057  4.658023  1.147307  0.703731
    0.0360     5      55.95653  55.48629   0.01245   0.02585  55.96898  55.51214  4.104960  3.525703  0.196096 -0.324965
    0.0481     6      57.73811  61.92451   0.04755   0.07976  57.78566  62.00427  2.972125  2.470275 -0.825996 -1.285674
    0.0601     7      67.02164  72.09752   0.12440   0.18298  67.14604  72.28049  2.030623  1.654559 -1.692103 -2.039680
    0.0721     8      76.45470  81.52810   0.25643   0.44875  76.71113  81.97685  1.338494  0.861340 -2.327140 -2.730191
    0.0961     9      81.35985  77.22568   0.69692   0.98811  82.05677  78.21379  0.544991  0.340610 -2.932671 -2.976618
    0.1202    10      71.11012  64.82090   1.30373   1.62244  72.41385  66.44334  0.210931  0.129710 -2.903864 -2.751174
    0.1442    11      59.61057  56.12082   1.92297   2.18636  61.53353  58.30718  0.079305  0.048205 -2.548582 -2.319349
    0.1682    12      54 Eav & pars     4 -12326.7189 0100.9761 1 67.2566 1  3.5684 2
 finished  Sn6+   4p64d8   at   t(run)=  0.04,     t(job)=   0.04 seconds


 Sn6+   4p54d9      Z= 50   Ion stage=  6   Noelec= 44   IREL=1   EMX=  0.00   IDB= 641   R( 641)=1574.9

  it  time   delta  idel kut itp  1s    2s    2p    3s    3p    3d    4s    4p    4d
                                   2.    2.    6.    2.    6.   10.    2.    5.    9.
   1  0.00 -0.673272 145  0   1  0.400 0.000 0.000 0.000 0.000 0.000 0.000 0.000 0.000
   2  0.00  0.352880 130  0   1  0.400 0.000 0.000 0.000 0.000 0.000 0.000 0.000 0.000
   3  0.00  0.194035 127  0   2  0.320 0.320 0.320 0.320 0.320 0.320 0.320 0.320 0.320
   4  0.02 -0.049760 132 -1   2  0.320 0.320 0.320 0.320 0.320 0.320 0.320 0.320 0.320
   5  0.02 -0.033249 126 -1   3  0.480 0.320 0.480 0.480 0.480 0.480 0.480 0.480 0.480
   6  0.02  0.016119 218 -1   4  0.720 0.480 0.720 0.720 0.720 0.720 0.720 0.720 0.720
   7  0.02  0.007698 210 -1   5  0.720 0.720 1.000 1.000 1.000 1.000 1.000 1.000 1.000
   8  0.02 -0.004009 193 -1   6  0.480 1.000 1.000 1.000 1.000 1.000 1.000 1.000 1.000
   9  0.02  0.001887 188 -1   7  0.720 1.000 1.000 0.667 0.667 0.667 0.667 0.667 0.667
  10  0.02 -0.000306 178 -1   8  1.000 0.667 0.667 0.667 0.667 0.667 0.444 0.667 0.667
  11  0.02  0.000043 187 -1   9  1.000 0.667 0.667 0.444 0.444 0.444 0.444 0.667 0.444
  12  0.03  0.000008 196 -1  10  0.667 1.000 1.000 0.667 0.667 0.667 0.667 0.667 0.667
  13  0.03 -0.000002 179 -1  11  0.667 1.000 1.000 1.000 0.667 0.667 1.000 1.000 0.667
  14  0.03  0.000002 182 -1  12  1.000 0.667 1.000 1.000 1.000 1.000 1.000 0.667 1.000
  15  0.03 -0.000001 185 -1  13  0.667 1.000 1.000 0.667 0.667 0.667 0.667 0.444 0.667
  16  0.04  0.000000 179 -1  14  1.000 0.667 0.667 0.667 0.667 0.667 0.667 0.444 0.667
  17  0.04 -0.000000 184 -1  15  0.667 0.667 0.667 0.667 0.667 0.667 0.667 0.444 0.667
 Eav & pars     6 -12321.2474 0 40.7117 2  3.5993 2108.2212 3137.4940 4
  85.4544 4
 finished  Sn6+   4p54d9   at   t(run)=  0.05,     t(job)=   0.09 seconds


 Sn6+   4d74f1      Z= 50   Ion stage=  6   Noelec= 44   IREL=1   EMX=  0.00   IDB= 641   R( 641)=1574.9

  it  time   delta  idel kut itp  1s    2s    2p    3s    3p    3d    4s    4p    4d    4f
                                   2.    2.    6.    2.    6.   10.    2.    6.    7.    1.
   1  0.00 -0.809647 201  0   1  0.400 0.000 0.000 0.000 0.000 0.000 0.000 0.000 0.000 0.000
   2  0.00  0.336341 132  0   1  0.400 0.000 0.000 0.000 0.000 0.000 0.000 0.000 0.000 0.000
   3  0.00  0.184018 129  0   2  0.320 0.320 0.320 0.320 0.320 0.320 0.320 0.320 0.320 0.320
   4  0.00 -0.046120 129 -1   2  0.320 0.320 0.320 0.320 0.320 0.320 0.320 0.320 0.320 0.320
   5  0.00 -0.031134 123 -1   3  0.480 0.320 0.480 0.480 0.480 0.480 0.480 0.480 0.480 0.480
   6  0.00  0.025272 221 -1   4  0.720 0.480 0.720 0.720 0.720 0.720 0.720 0.720 0.720 0.720
   7  0.01  0.009327 216 -1   5  0.720 0.720 1.000 1.000 1.000 1.000 1.000 1.000 1.000 1.000
   8  0.01 -0.003917 197 -1   6  0.480 1.000 1.000 1.000 1.000 1.000 1.000 1.000 1.000 1.000
   9  0.01  0.001866 192 -1   7  0.720 1.000 1.000 1.000 0.667 0.667 0.667 0.667 0.667 0.667
  10  0.01 -0.000306 182 -1   8  1.000 0.667 0.667 0.667 0.667 0.667 0.444 0.667 0.667 0.667
  11  0.01  0.000044 192 -1   9  1.000 0.667 0.667 0.667 0.444 0.444 0.444 0.667 0.444 0.444
  12  0.01  0.000008 204 -1  10  0.667 1.000 1.000 1.000 0.667 0.667 0.667 0.667 0.667 0.667
  13  0.01 -0.000002 177 -1  11  0.667 1.000 1.000 1.000 0.667 0.667 1.000 1.000 0.667 0.667
  14  0.03  0.000002 184 -1  12  0.444 0.667 1.000 1.000 1.000 1.000 1.000 1.000 1.000 1.000
  15  0.03 -0.000001 188 -1  13  0.667 0.800 0.800 0.667 0.667 0.667 0.667 0.667 0.667 0.667
  16  0.03  0.000000 185 -1  14  0.444 0.533 0.533 0.667 0.444 0.667 0.667 0.444 0.444 0.444
  17  0.03  0.000000 198 -1  15  0.444 0.533 0.533 0.667 0.667 0.667 0.667 0.444 0.444 0.667
 Eav & pars    10 -12321.9939 0102.3768 1 68.2850 1  3.6807 2  0.1103 2
  65.2852 3 40.1289 3 75.2790 4 45.6619 4 31.8654 4
 finished  Sn6+   4d74f1   at   t(run)=  0.05,     t(job)=   0.14 seconds
.
Finished at                                  13:18:17.47, Wed 07/16/2025
Time spent:                                  0 hr 0 min 0.16 sec
  0.392748  0.016684  0.025161  0.271934  0.243419
    0.0240     4      1.045893  1.399614  0.472362  0.262276  0.471926  0.624505  0.035699  0.063118  0.205509  0.111528
    0.0360     5      1.730965  2.027847  0.025863 -0.212316  0.761416  0.876322  0.098948  0.142794  0.006136 -0.099615
    0.0481     6      2.283667  2.495710 -0.435408 -0.632650  0.965684  1.027995  0.193995  0.251725 -0.198081 -0.284410
    0.0601     7      2.663937  2.790100 -0.797731 -0.927532  1.063216  1.072334  0.315060  0.383040 -0.355734 -0.410641
    0.0721     8      2.877096  2.948186 -1.021232 -1.104622  1.057030  0.961922  0.454704  0.605408 -0.448774 -0.476820
    0.0961     9      2.908352  2.787982 -1.065325 -0.928259  0.797187  0.582589  0.760371  0.913850 -0.448255 -0.375102
    0.1202    10      2.613625  2.406953 -0.719668 -0.463909  0.336279  0.073850  1.061255  1.199096 -0.270131 -0.145315
    0.1442    11      2.184775  1.959545 -0.181982  0.108962 -0.191927 -0.451113  1.324879  1.436964 -0.011083  0.123943
    0.1682    12      1.740060  1.339467  0.395540  0.918798 -0.696291 -1.125535  1.534427  1.684550  0.253018  0.474613
    0.2163    13      1.005835  0.741468  1.340875  1.646970 -1.457793 -1.690329  1.777285  1.818828  0.629948  0.712141
    0.2644    14      0.538990  0.387632  1.841507  1.938831 -1.831378 -1.894465  1.817266  1.781110  0.724855  0.677501
    0.3124    15      0.276488  0.195958  1.957154  1.914974 -1.894784 -1.847087  1.718446  1.636495  0.581961  0.450531
    0.3605    16      0.138196  0.067976  1.829160  1.581531 -1.764596 -1.538115  1.541437  1.331501  0.294732 -0.050947
    0.4566    17      0.032993  0.015663  1.298066  1.026723 -1.281326 -1.033076  1.118344  0.919363 -0.392820 -0.694094
    0.5527    18      0.007279  0.003332  0.790231  0.595801 -0.812842 -0.627775  0.743255  0.593026 -0.936311 -1.114195
    0.6489    19      0.001509  0.000678  0.442186  0.324239 -0.477948 -0.359871  0.468265  0.366716 -1.230679 -1.293164
    0.7450    20      0.000303  0.000060  0.235576  0.122042 -0.268661 -0.147081  0.285325  0.170274 -1.310938 -1.249824
    0.9372    21      0.000012  0.000002  0.062338  0.031640 -0.079376 -0.042551  0.100330  0.058669 -1.112994 -0.946852
    1.1295    22      0.000000  0.000000  0.015883  0.007781 -0.022698 -0.011919  0.034138  0.019752 -0.779741 -0.626770
    1.3218    23      0.000000  0.000000  0.003739  0.001772 -0.006137 -0.003115  0.011298  0.006390 -0.494479 -0.384349
    1.5140    24      0.000000  0.000000  0.000831  0.000179 -0.001565 -0.000387  0.003585  0.001110 -0.295139 -0.169079
    1.8985    25      0.000000  0.000000  0.000038  0.000008 -0.000094 -0.000022  0.000339  0.000103 -0.094014 -0.051089
    2.2830    26      0.000000  0.000000  0.000002  0.000000 -0.000005 -0.000001  0.000031  0.000009 -0.027246 -0.014272
    2.6675    27      0.000000  0.000000  0.000000  0.000000 -0.000000 -0.000000  0.000003  0.000001 -0.007315 -0.003683
    3.0520    28      0.000000  0.000000  0.000000  0.000000 -0.000000 -0.000000  0.000000  0.000000 -0.001831 -0.000441
    3.8211    29      0.000000  0.000000  0.000000  0.000000 -0.000000 -0.000000  0.000000  0.000000 -0.000104 -0.000024
    4.5901    30      0.000000  0.000000  0.000000  0.000000 -0.000000 -0.000000  0.000000  0.000000 -0.000005 -0.000001
    5.3591    31      0.000000  0.000000  0.000000  0.000000 -0.000000 -0.000000  0.000000  0.000000 -0.000000 -0.000000
    6.1281    32      0.000000  0.000000  0.000000  0.000000  0.000000  0.000000  0.000000  0.000000 -0.000000 -0.000000
    7.6662    33      0.000000  0.000000  0.000000  0.000000  0.000000  0.000000  0.000000  0.000000 -0.000000 -0.000000
    9.2042    34      0.000000  0.000000  0.000000  0.000000  0.000000  0.000000  0.000000  0.000000 -0.000000 -0.000000
   10.7422    35      0.000000  0.000000  0.000000  0.000000  0.000000  0.000000  0.000000  0.000000 -0.000000 -0.000000
   12.2803    36      0.000000  0.000000  0.000000  0.000000  0.000000  0.000000  0.000000  0.000000  0.000000  0.000000
   15.3564    37      0.000000  0.000000  0.000000  0.000000  0.000000  0.000000  0.000000  0.000000  0.000000  0.000000
   18.4324    38      0.000000  0.000000  0.000000  0.000000  0.000000  0.000000  0.000000  0.000000  0.000000  0.000000
   21.5085    39      0.000000  0.000000  0.000000  0.000000  0.000000  0.000000  0.000000  0.000000  0.000000  0.000000
   24.5846    40      0.000000  0.000000  0.000000  0.000000  0.000000  0.000000  0.000000  0.000000  0.000000  0.000000
1Sn6+   4p64d8         nconf=  1      z= 50     ion= 6     kut=-1      exf=0.650     corrf=1.000   ca1=0.700   ca0=0.500



                           pnl( 4p)            pnl( 4d) 
    r (a0)    nc          1         6         1         6         1         6         1         6         1         6


    0.0000     0      0.000000  0.005906  0.000000  0.000041
    0.0060     1      0.021221  0.043438  0.000309  0.000982
    0.0120     2      0.070606  0.101128  0.002200  0.004070
    0.0180     3      0.133683  0.167176  0.006671  0.010056
    0.0240     4      0.200702  0.265015  0.014262  0.025192
    0.0360     5      0.322215  0.369549  0.039446  0.056844
    0.0481     6      0.405477  0.429360  0.077099  0.099851
    0.0601     7      0.441203  0.441471  0.124701  0.151235
    0.0721     8      0.430944  0.381560  0.179036  0.236842
    0.0961     9      0.302005  0.201517  0.295152  0.351445
    0.1202    10      0.088657 -0.029143  0.403691  0.450339
    0.1442    11     -0.145750 -0.256376  0.490276  0.522776
    0.1682    12     -0.357405 -0.521367  0.547434  0.572900
    0.2163    13     -0.627147 -0.674004  0.567876  0.535601
    0.2644    14     -0.667050 -0.614405  0.480310  0.406538
    0.3124    15     -0.525311 -0.408961  0.318701  0.220865
    0.3605    16     -0.273841  0.023942  0.116636 -0.098732
    0.4566    17      0.321537  0.590497 -0.308197 -0.499544
    0.5527    18      0.815245  0.989886 -0.665575 -0.803071
    0.6489    19      1.114905  1.194574 -0.911623 -0.992660
    0.7450    20      1.235071  1.225700 -1.048695 -1.098096
    0.9372    21      1.137270  1.008858 -1.084688 -1.030233
    1.1295    22      0.866868  0.727427 -0.951544 -0.860730
    1.3218    23      0.599362  0.486710 -0.766093 -0.673080
    1.5140    24      0.390561  0.244480 -0.585076 -0.430828
    1.8985    25      0.148614  0.088325 -0.308702 -0.216473
    2.2830    26      0.051555  0.029645 -0.149139 -0.101235
    2.6675    27      0.016817  0.009402 -0.067850 -0.044977
    3.0520    28      0.005182  0.001527 -0.029529 -0.012418
    3.8211    29      0.000437  0.000123 -0.005082 -0.002034
    4.5901    30      0.000034  0.000009 -0.000800 -0.000310
    5.3591    31      0.000002  0.000001 -0.000118 -0.000045
    6.1281    32      0.000000  0.000000 -0.000017 -0.000002
    7.6662    33      0.000000  0.000000 -0.000000 -0.000000
    9.2042    34      0.000000  0.000000 -0.000000 -0.000000
   10.7422    35      0.000000  0.000000 -0.000000 -0.000000
   12.2803    36      0.000000  0.000000 -0.000000 -0.000000
   15.3564    37      0.000000  0.000000 -0.000000 -0.000000
   18.4324    38      0.000000  0.000000 -0.000000 -0.000000
   21.5085    39      0.000000  0.000000 -0.000000 -0.000000
   24.5846    40      0.000000  0.000000  0.000000  0.000000
1Sn6+   4p64d8         nconf=  1      z= 50     ion= 6     kut=-1      exf=0.650     corrf=1.000   ca1=0.700   ca0=0.500






  nl   wnl         ee          az      (r-3)      (r-2)      (r-1)      (r+1)      (r+2)      (r+3)      (r+4)      (r+6)

  1s    2.   -2164.01046   1006.035  0.000E+00  6.062E+03  5.299E+01  2.909E-02  1.145E-03  5.695E-05  3.425E-06  1.963E-08
  2s    2.    -339.31291    340.218  0.000E+00  6.767E+02  1.212E+01  1.254E-01  1.855E-02  3.123E-03  5.925E-04  2.958E-05
  2p    6.    -305.28917   4069.263  4.495E+03  1.834E+02  1.159E+01  1.099E-01  1.473E-02  2.339E-03  4.304E-04  2.133E-05
  3s    2.     -73.62209    150.044  0.000E+00  1.333E+02  4.324E+00  3.376E-01  1.302E-01  5.544E-02  2.583E-02  7.270E-03
  3p    6.     -62.14881   1873.468  8.310E+02  3.601E+01  4.098E+00  3.362E-01  1.310E-01  5.691E-02  2.732E-02  8.373E-03
  3d   10.     -44.34026   4312.807  1.193E+02  1.877E+01  3.871E+00  3.133E-01  1.163E-01  5.015E-02  2.477E-02  8.659E-03
  4s    2.     -17.94350     66.231  0.000E+00  2.663E+01  1.694E+00  8.119E-01  7.428E-01  7.432E-01  8.076E-01  1.210E+00
  4p    6.     -14.20674    799.855  1.479E+02  7.024E+00  1.552E+00  8.683E-01  8.555E-01  9.280E-01  1.100E+00  1.999E+00
  4d    8.      -8.67178   1726.180  1.618E+01  3.072E+00  1.300E+00  1.006E+00  1.170E+00  1.529E+00  2.226E+00  6.357E+00

       44.                                      1.537E+04  2.948E+02  2.168E+01  1.832E+01  2.026E+01  2.649E+01  6.542E+01

        1.                                      3.493E+02  6.700E+00  4.926E-01  4.163E-01  4.605E-01  6.020E-01  1.487E+00



            --------------------zeta---------------------
  nl   wnl    ----blume-watson----     -----(r*vi)-----     i (ryd)      eps s       evel       edar   evel+edar    erel
                 (ryd)      (cm-1)     (ryd)      (cm-1)
  1s    2.      0.00000       0.000   0.00000       0.000-2585.19328 -2154.17936 -528.29188  440.10873  -88.183 -2242.36251
  2s    2.      0.00000       0.000   0.00000       0.000 -646.66364  -335.90002  -72.95465   48.90711  -24.048  -359.94756
  2p    6.     11.22164 1231432.702  11.52132 1264318.862 -630.17726  -304.10553   -9.42362    0.00146   -9.424  -313.52915
  3s    2.      0.00000       0.000   0.00000       0.000 -269.94789   -72.09880  -14.80663    9.47429   -5.332   -77.43114
  3p    6.      2.07208  227384.557   2.12249  232916.892 -261.09404   -61.49658   -2.28299    0.00172   -2.283   -63.77956
  3d   10.      0.24233   26592.700   0.25853   28369.974 -251.60901   -44.97580   -0.53069   -0.01432   -0.531   -45.50648
  4s    2.      0.00000       0.000   0.00000       0.000 -126.95314   -17.52879   -2.92043    1.84436   -1.076   -18.60486
  4p    6.      0.36829   40415.115   0.37672   41340.279 -118.71920   -14.15101   -0.43280    0.00042   -0.433   -14.58381
  4d    8.      0.03252    3568.399   0.03446    3781.170 -103.03340    -9.04507   -0.08524   -0.00182   -0.085    -9.13031
1Sn6+   4p64d8         nconf=  1      z= 50     ion= 6     kut=-1      exf=0.650     corrf=1.000   ca1=0.700   ca0=0.500





0               without correlation                with correlation
              -----------------------           -----------------------
  nl   wnl       eps fg      eps fgr    corr       eps fg      eps fgr     n*r     n*rc     ect     ec-----------------

  1s    2.   -2163.92793  -2163.92793-0.08293  -2164.01086  -2164.01086  0.1505  0.1505  -0.08271   0.00000-0.0827
  2s    2.    -339.23049   -339.23049-0.08240   -339.31289   -339.31289  0.3801  0.3800  -0.23236  -0.06850-0.0811
  2p    6.    -305.20694   -305.20694-0.08248   -305.28942   -305.28942  0.4007  0.4006  -0.72472  -0.08179-0.0819-0.0821-0.0822
  3s    2.     -73.54073    -73.54073-0.08128    -73.62201    -73.62201  0.8163  0.8158  -0.87180  -0.06867-0.0784
  3p    6.     -62.06760    -62.06760-0.08128    -62.14888    -62.14888  0.8885  0.8879  -1.35142  -0.07919-0.0796-0.0799-0.0804
  3d   10.     -44.25885    -44.25885-0.08141    -44.34025    -44.34025  1.0522  1.0512  -2.16098  -0.08067-0.0808-0.0808-0.0812
  4s    2.     -17.86487    -17.86487-0.07851    -17.94338    -17.94338  1.6561  1.6525  -2.30068  -0.06602-0.0737
  4p    6.     -14.12890    -14.12890-0.07808    -14.20698    -14.20698  1.8623  1.8572  -2.75419  -0.07392-0.0749-0.0756-0.0767
  4d    8.      -8.59518     -8.59518-0.07668     -8.67186     -8.67186  2.3876  2.3771  -3.36150  -0.07480-0.0753-0.0756-0.0767

0                           ecorrt=  -3.52887 (old)              ect=  -3.36150 (new)     etotrl=      0.00000 +  0.00000 +  0.00000

      etot= -12323.35736 -12323.35736         -12326.88623 -12326.88623 -12326.71887 -12326.71887 -12326.71887


 Sn6+   4p64d8          4 -12326.7189 0  100.9761 1   67.2566 1    3.5684 2


0    t(run)=  0.04,     t(job)=   0.04 seconds
1
   Sn6+   4p54d9           nconf=  2    z= 50    ncores= 8    nvales= 1    ion= 6    r(i)/x(i)=0.24031862      ca1=0.700

 tolstb=1.000   tolk-2=0.20000   tolend= 0.5E-07   thresh= 0.1E-10   kut=-1    exf=0.650   corrf=1.000      ca0= 0.500

0rcn mod 36  ihf1= 2        mesh= 641   idb= 641   rdb=1574.928   emx=   0.00   r(mesh)=1574.928     irel= 1     ib= 641
0hfr      energy = e(av)


0    t(run)=  0.04,     t(job)=   0.07 seconds
1Sn6+   4p54d9         nconf=  2      z= 50     ion= 6     kut=-1      exf=0.650     corrf=1.000   ca1=0.700   ca0=0.500



                           rscore(i)           rsvale(i)           rsatom(i)           pnl( 1s)            pnl( 2s) 
    r (a0)    nc          1         6         1         6         1         6         1         6         1         6


    0.0000     0       0.00000   9.85275   0.00000   0.00000   0.00000   9.85275  0.000000  2.079729  0.000000  0.696591
    0.0060     1      26.58455  41.98197   0.00000   0.00001  26.58455  41.98198  3.418688  4.297097  1.126306  1.380606
    0.0120     2      53.34678  60.33999   0.00004   0.00015  53.34682  60.34014  4.839875  5.133565  1.500673  1.516254
    0.0180     3      63.63102  64.22249   0.00040   0.00092  63.63143  64.22341  5.242508  5.215760  1.450619  1.322532
    0.0240     4      63.11726  59.03443   0.00185   0.00577  63.11911  59.04019  5.091095  4.658040  1.147323  0.703706
    0.0360     5      55.85590  55.35391   0.01414   0.02935  55.87003  55.38327  4.104955  3.525677  0.196027 -0.325073
    0.0481     6      57.57910  61.74676   0.05400   0.09057  57.63309  61.83732  2.972081  2.470218 -0.826137 -1.285839
    0.0601     7      66.83459  71.91095   0.14125   0.20775  66.97584  72.11870  2.030557  1.654488 -1.692283 -2.039865
    0.0721     8      76.27774  81.39142   0.29113   0.50943  76.56888  81.90085  1.338422  0.861274 -2.327322 -2.730346
    0.0961     9      81.27747  77.19431   0.79105   1.12142  82.06852  78.31573  0.544936  0.340568 -2.932783 -2.976680
    0.1202    10      71.11282  64.83287   1.47940   1.84075  72.59222  66.67362  0.210902  0.129692 -2.903879 -2.751148
    0.1442    11      59.60510  56.07415   2.18133   2.47963  61.78643  58.55379  0.079294  0.048199 -2.548524 -2.319267
    0.1682    12      54.38249  55.51459   2.71850   2.97584  57.10098  58.49043  0.029098  0.010430 -2.080578 -1.619412
    0.2163    13      59.76790  63.86880   2.92207   2.59730  62.68998  66.46609  0.003678  0.001283 -1.219142 -0.895895
    0.2644    14      65.81120  64.92672   2.08647   1.49243  67.89767  66.41915  0.000444  0.000152 -0.646635 -0.460432
    0.3124    15      61.47268  56.16895   0.91491   0.43734  62.38759  56.60628  0.000052  0.000018 -0.324463 -0.226828
    0.3605    16      49.85081  36.97381   0.12038   0.09137  49.97119  37.06518  0.000006  0.000001 -0.157596 -0.075049
    0.4566    17      26.56878  19.69092   0.87094   2.27746  27.43972  21.96838  0.000000  0.000000 -0.035199 -0.016116
    0.5527    18      15.84421  14.01230   4.03320   5.86172  19.87741  19.87402  0.000000  0.000000 -0.007203 -0.003166
    0.6489    19      13.24073  12.85174   7.54289   8.93221  20.78362  21.78395  0.000000  0.000000 -0.001376 -0.000593
    0.7450    20      12.45559  11.09764   9.95723  10.89258  22.41281  21.99022  0.000000  0.000000 -0.000254 -0.000046
    0.9372    21       9.08199   6.90657  10.60480   9.54628  19.68679  16.45285  0.000000  0.000000 -0.000008 -0.000001
    1.1295    22       4.95980   3.40768   8.12691   6.63660  13.08671  10.04429  0.000000  0.000000 -0.000000 -0.000000
    1.3218    23       2.26171   1.46028   5.24764   4.04361   7.50935   5.50389  0.000000  0.000000 -0.000000 -0.000000
    1.5140    24       0.92189   0.34845   3.05027   1.64892   3.97216   1.99737  0.000000  0.000000 -0.000000 -0.000000
    1.8985    25       0.12473   0.04284   0.84427   0.41412   0.96900   0.45696  0.000000  0.000000 -0.000000 -0.000000
    2.2830    26       0.01424   0.00461   0.19611   0.09016   0.21035   0.09477  0.000000  0.000000 -0.000000 -0.000000
    2.6675    27       0.00145   0.00044   0.04042   0.01772   0.04187   0.01817  0.000000  0.000000 -0.000000 -0.000000
    3.0520    28       0.00013   0.00001   0.00762   0.00134   0.00776   0.00135  0.000000  0.000000  0.000000  0.000000
    3.8211    29       0.00000   0.00000   0.00022   0.00004   0.00023   0.00004  0.000000  0.000000  0.000000  0.000000
    4.5901    30       0.00000   0.00000   0.00001   0.00000   0.00001   0.00000  0.000000  0.000000  0.000000  0.000000
    5.3591    31       0.00000   0.00000   0.00000   0.00000   0.00000   0.00000  0.000000  0.000000  0.000000  0.000000
    6.1281    32       0.00000   0.00000   0.00000   0.00000   0.00000   0.00000  0.000000  0.000000  0.000000  0.000000
    7.6662    33       0.00000   0.00000   0.00000   0.00000   0.00000   0.00000  0.000000  0.000000  0.000000  0.000000
    9.2042    34       0.00000   0.00000   0.00000   0.00000   0.00000   0.00000  0.000000  0.000000  0.000000  0.000000
   10.7422    35       0.00000   0.00000   0.00000   0.00000   0.00000   0.00000  0.000000  0.000000  0.000000  0.000000
   12.2803    36       0.00000   0.00000   0.00000   0.00000   0.00000   0.00000  0.000000  0.000000  0.000000  0.000000
   15.3564    37       0.00000   0.00000   0.00000   0.00000   0.00000   0.00000  0.000000  0.000000  0.000000  0.000000
   18.4324    38       0.00000   0.00000   0.00000   0.00000   0.00000   0.00000  0.000000  0.000000  0.000000  0.000000
   21.5085    39       0.00000   0.00000   0.00000   0.00000   0.00000   0.00000  0.000000  0.000000  0.000000  0.000000
   24.5846    40       0.00000   0.00000   0.00000   0.00000   0.00000   0.00000  0.000000  0.000000  0.000000  0.000000
1Sn6+   4p54d9         nconf=  2      z= 50     ion= 6     kut=-1      exf=0.650     corrf=1.000   ca1=0.700   ca0=0.500



                           pnl( 2p)            pnl( 3s)            pnl( 3p)            pnl( 3d)            pnl( 4s) 
    r (a0)    nc          1         6         1         6         1         6         1         6         1         6


    0.0000     0      0.000000  0.030073  0.000000  0.306739  0.000000  0.013832  0.000000  0.000103  0.000000  0.135649
    0.0060     1      0.108203  0.221921  0.494757  0.604197  0.049707  0.101779  0.000773  0.002457  0.218687  0.266854
    0.0120     2      0.361657  0.519683  0.653199  0.654980  0.165505  0.237175  0.005505  0.010185  0.288174  0.288504
    0.0180     3      0.689689  0.866513  0.619991  0.556750  0.313726  0.392622  0.016697  0.025180  0.272484  0.243906
    0.0240     4      1.045949  1.399685  0.472298  0.262221  0.471774  0.624302  0.035725  0.063164  0.205913  0.111728
    0.0360     5      1.731046  2.027932  0.025820 -0.212345  0.761166  0.876032  0.099019  0.142895  0.006111 -0.099864
    0.0481     6      2.283752  2.495789 -0.435420 -0.632644  0.965360  1.027647  0.194132  0.251899 -0.198534 -0.285039
    0.0601     7      2.664006  2.790156 -0.797706 -0.927488  1.062853  1.071964  0.315274  0.383296 -0.356504 -0.411513
    0.0721     8      2.877136  2.948194 -1.021169 -1.104526  1.056663  0.961586  0.455002  0.605789 -0.449710 -0.477774
    0.0961     9      2.908331  2.787939 -1.065204 -0.928127  0.796914  0.582402  0.760828  0.914374 -0.449103 -0.375749
    0.1202    10      2.613569  2.406893 -0.719536 -0.463789  0.336196  0.073879  1.061834  1.199718 -0.270515 -0.145403
    0.1442    11      2.184719  1.959499 -0.181880  0.109040 -0.191786 -0.450865  1.325532  1.437636 -0.010865  0.124457
    0.1682    12      1.740025  1.339456  0.395593  0.918811 -0.695950 -1.125057  1.535108  1.685221  0.253802  0.475823
    0.2163    13      1.005842  0.741485  1.340871  1.646973 -1.457257 -1.689805  1.777914  1.819390  0.631396  0.713631
    0.2644    14      0.539008  0.387647  1.841536  1.938895 -1.830925 -1.894122  1.817741  1.781482  0.726209  0.678575
    0.3124    15      0.276498  0.195962  1.957253  1.915101 -1.894572 -1.847013  1.718704  1.636633  0.582649  0.450766
    0.3605    16      0.138195  0.067967  1.829305  1.581672 -1.764655 -1.538396  1.541452  1.331275  0.294486 -0.052121
    0.4566    17      0.032981  0.015652  1.298156  1.026727 -1.281752 -1.033566  1.117898  0.918730 -0.394738 -0.696478
    0.5527    18      0.007271  0.003328  0.790135  0.595608 -0.813334 -0.628227  0.742474  0.592139 -0.938867 -1.116654
    0.6489    19      0.001507  0.000677  0.441912  0.323907 -0.478339 -0.360194  0.467313  0.365740 -1.232826 -1.294848
    0.7450    20      0.000302  0.000060  0.235211  0.121674 -0.268923 -0.147248  0.284356  0.169395 -1.312070 -1.249795
    0.9372    21      0.000012  0.000002  0.062018  0.031391 -0.079488 -0.042633  0.099596  0.058092 -1.111971 -0.945142
    1.1295    22      0.000000  0.000000  0.015706  0.007672 -0.022760 -0.011960  0.033706  0.019441 -0.777667 -0.624599
    1.3218    23      0.000000  0.000000  0.003678  0.001740 -0.006160 -0.003127  0.011087  0.006255 -0.492400 -0.382474
    1.5140    24      0.000000  0.000000  0.000815  0.000175 -0.001571 -0.000388  0.003501  0.001080 -0.293521 -0.167985
    1.8985    25      0.000000  0.000000  0.000037  0.000008 -0.000094 -0.000022  0.000329  0.000099 -0.093337 -0.050696
    2.2830    26      0.000000  0.000000  0.000002  0.000000 -0.000005 -0.000001  0.000030  0.000009 -0.027028 -0.014156
    2.6675    27      0.000000  0.000000  0.000000  0.000000 -0.000000 -0.000000  0.000003  0.000001 -0.007257 -0.003655
    3.0520    28      0.000000  0.000000  0.000000  0.000000 -0.000000 -0.000000  0.000000  0.000000 -0.001818 -0.000439
    3.8211    29      0.000000  0.000000  0.000000  0.000000 -0.000000 -0.000000  0.000000  0.000000 -0.000103 -0.000024
    4.5901    30      0.000000  0.000000  0.000000  0.000000 -0.000000 -0.000000  0.000000  0.000000 -0.000005 -0.000001
    5.3591    31      0.000000  0.000000  0.000000  0.000000 -0.000000 -0.000000  0.000000  0.000000 -0.000000 -0.000000
    6.1281    32      0.000000  0.000000  0.000000  0.000000  0.000000  0.000000  0.000000  0.000000 -0.000000 -0.000000
    7.6662    33      0.000000  0.000000  0.000000  0.000000  0.000000  0.000000  0.000000  0.000000 -0.000000 -0.000000
    9.2042    34      0.000000  0.000000  0.000000  0.000000  0.000000  0.000000  0.000000  0.000000 -0.000000 -0.000000
   10.7422    35      0.000000  0.000000  0.000000  0.000000  0.000000  0.000000  0.000000  0.000000 -0.000000 -0.000000
   12.2803    36      0.000000  0.000000  0.000000  0.000000  0.000000  0.000000  0.000000  0.000000  0.000000  0.000000
   15.3564    37      0.000000  0.000000  0.000000  0.000000  0.000000  0.000000  0.000000  0.000000  0.000000  0.000000
   18.4324    38      0.000000  0.000000  0.000000  0.000000  0.000000  0.000000  0.000000  0.000000  0.000000  0.000000
   21.5085    39      0.000000  0.000000  0.000000  0.000000  0.000000  0.000000  0.000000  0.000000  0.000000  0.000000
   24.5846    40      0.000000  0.000000  0.000000  0.000000  0.000000  0.000000  0.000000  0.000000  0.000000  0.000000
1Sn6+   4p54d9         nconf=  2      z= 50     ion= 6     kut=-1      exf=0.650     corrf=1.000   ca1=0.700   ca0=0.500



                           pnl( 4p)            pnl( 4d) 
    r (a0)    nc          1         6         1         6         1         6         1         6         1         6


    0.0000     0      0.000000  0.005928  0.000000  0.000042
    0.0060     1      0.021300  0.043598  0.000310  0.000987
    0.0120     2      0.070866  0.101501  0.002211  0.004090
    0.0180     3      0.134176  0.167792  0.006702  0.010104
    0.0240     4      0.201440  0.265987  0.014329  0.025311
    0.0360     5      0.323393  0.370894  0.039631  0.057111
    0.0481     6      0.406947  0.430908  0.077459  0.100315
    0.0601     7      0.442784  0.443041  0.125279  0.151932
    0.0721     8      0.432464  0.382875  0.179856  0.237914
    0.0961     9      0.303008  0.202139  0.296470  0.352990
    0.1202    10      0.088860 -0.029369  0.405435  0.452247
    0.1442    11     -0.146393 -0.257405  0.492311  0.524895
    0.1682    12     -0.358779 -0.523272  0.549595  0.575020
    0.2163    13     -0.629347 -0.676268  0.569803  0.537204
    0.2644    14     -0.669171 -0.616211  0.481488  0.407217
    0.3124    15     -0.526672 -0.409787  0.318837  0.220439
    0.3605    16     -0.274083  0.024892  0.115651 -0.100759
    0.4566    17      0.323556  0.593333 -0.311081 -0.503042
    0.5527    18      0.818594  0.993436 -0.669428 -0.807033
    0.6489    19      1.118370  1.197710 -0.915477 -0.996227
    0.7450    20      1.237690  1.226948 -1.051836 -1.100130
    0.9372    21      1.137034  1.007310 -1.085501 -1.029902
    1.1295    22      0.864327  0.724249 -0.950258 -0.858720
    1.3218    23      0.595871  0.483167 -0.763591 -0.670291
    1.5140    24      0.387155  0.241659 -0.582167 -0.428035
    1.8985    25      0.146497  0.086838 -0.306281 -0.214507
    2.2830    26      0.050559  0.029000 -0.147614 -0.100090
    2.6675    27      0.016408  0.009144 -0.067013 -0.044377
    3.0520    28      0.005020  0.001467 -0.029106 -0.012217
    3.8211    29      0.000417  0.000116 -0.004990 -0.001994
    4.5901    30      0.000032  0.000009 -0.000782 -0.000302
    5.3591    31      0.000002  0.000001 -0.000115 -0.000043
    6.1281    32      0.000000  0.000000 -0.000016 -0.000002
    7.6662    33      0.000000  0.000000 -0.000000 -0.000000
    9.2042    34      0.000000  0.000000 -0.000000 -0.000000
   10.7422    35      0.000000  0.000000 -0.000000 -0.000000
   12.2803    36      0.000000  0.000000 -0.000000 -0.000000
   15.3564    37      0.000000  0.000000 -0.000000 -0.000000
   18.4324    38      0.000000  0.000000 -0.000000 -0.000000
   21.5085    39      0.000000  0.000000 -0.000000 -0.000000
   24.5846    40      0.000000  0.000000  0.000000  0.000000
1Sn6+   4p54d9         nconf=  2      z= 50     ion= 6     kut=-1      exf=0.650     corrf=1.000   ca1=0.700   ca0=0.500






  nl   wnl         ee          az      (r-3)      (r-2)      (r-1)      (r+1)      (r+2)      (r+3)      (r+4)      (r+6)

  1s    2.   -2164.32716   1006.048  0.000E+00  6.062E+03  5.299E+01  2.909E-02  1.145E-03  5.694E-05  3.424E-06  1.963E-08
  2s    2.    -339.52073    340.235  0.000E+00  6.767E+02  1.212E+01  1.254E-01  1.855E-02  3.123E-03  5.924E-04  2.957E-05
  2p    6.    -305.50377   4069.506  4.496E+03  1.834E+02  1.159E+01  1.099E-01  1.473E-02  2.339E-03  4.304E-04  2.133E-05
  3s    2.     -73.80007    150.031  0.000E+00  1.333E+02  4.323E+00  3.376E-01  1.302E-01  5.542E-02  2.581E-02  7.256E-03
  3p    6.     -62.31778   1872.873  8.305E+02  3.599E+01  4.096E+00  3.363E-01  1.310E-01  5.695E-02  2.735E-02  8.386E-03
  3d   10.     -44.53604   4316.021  1.194E+02  1.879E+01  3.873E+00  3.132E-01  1.161E-01  5.004E-02  2.468E-02  8.597E-03
  4s    2.     -17.92311     66.368  0.000E+00  2.674E+01  1.697E+00  8.108E-01  7.407E-01  7.402E-01  8.032E-01  1.200E+00
  4p    5.     -14.35274    802.809  1.490E+02  7.068E+00  1.556E+00  8.661E-01  8.512E-01  9.208E-01  1.089E+00  1.964E+00
  4d    9.      -8.69564   1734.382  1.631E+01  3.091E+00  1.304E+00  1.003E+00  1.164E+00  1.517E+00  2.202E+00  6.260E+00

       44.                                      1.536E+04  2.946E+02  2.177E+01  1.855E+01  2.071E+01  2.734E+01  6.871E+01

        1.                                      3.492E+02  6.696E+00  4.949E-01  4.216E-01  4.708E-01  6.213E-01  1.562E+00



            --------------------zeta---------------------
  nl   wnl    ----blume-watson----     -----(r*vi)-----     i (ryd)      eps s       evel       edar   evel+edar    erel
                 (ryd)      (cm-1)     (ryd)      (cm-1)
  1s    2.      0.00000       0.000   0.00000       0.000-2585.19450 -2154.50009 -528.30818  440.12125  -88.187 -2242.68702
  2s    2.      0.00000       0.000   0.00000       0.000 -646.66955  -336.10484  -72.96312   48.91196  -24.051  -360.15600
  2p    6.     11.22291 1231571.750  11.52249 1264447.348 -630.17924  -304.31999   -9.42464    0.00150   -9.425  -313.74464
  3s    2.      0.00000       0.000   0.00000       0.000 -269.94981   -72.28933  -14.80429    9.47261   -5.332   -77.62101
  3p    6.      2.07076  227239.734   2.12114  232768.738 -261.06377   -61.68675   -2.28145    0.00174   -2.281   -63.96820
  3d   10.      0.24257   26619.405   0.25881   28401.466 -251.66103   -45.16339   -0.53130   -0.01433   -0.531   -45.69468
  4s    2.      0.00000       0.000   0.00000       0.000 -127.08126   -17.64452   -2.93267    1.85198   -1.081   -18.72521
  4p    5.      0.37099   40711.745   0.37949   41643.976 -118.93361   -14.26013   -0.43602    0.00044   -0.436   -14.69615
  4d    9.      0.03280    3599.326   0.03475    3813.649 -103.25724    -9.13708   -0.08600   -0.00183   -0.086    -9.22308
1Sn6+   4p54d9         nconf=  2      z= 50     ion= 6     kut=-1      exf=0.650     corrf=1.000   ca1=0.700   ca0=0.500





0               without correlation                with correlation
              -----------------------           -----------------------
  nl   wnl       eps fg      eps fgr    corr       eps fg      eps fgr     n*r     n*rc     ect     ec-----------------

  1s    2.   -2164.24464  -2164.24464-0.08293  -2164.32757  -2164.32757  0.1505  0.1505  -0.08271   0.00000-0.0827
  2s    2.    -339.43832   -339.43832-0.08240   -339.52072   -339.52072  0.3799  0.3799  -0.23236  -0.06850-0.0811
  2p    6.    -305.42154   -305.42154-0.08248   -305.50402   -305.50402  0.4005  0.4005  -0.72472  -0.08179-0.0819-0.0821-0.0822
  3s    2.     -73.71871    -73.71871-0.08128    -73.79998    -73.79998  0.8153  0.8148  -0.87181  -0.06867-0.0784
  3p    6.     -62.23657    -62.23657-0.08128    -62.31785    -62.31785  0.8873  0.8867  -1.35142  -0.07919-0.0796-0.0799-0.0804
  3d   10.     -44.45463    -44.45463-0.08141    -44.53604    -44.53604  1.0499  1.0489  -2.16100  -0.08068-0.0808-0.0808-0.0812
  4s    2.     -17.84446    -17.84446-0.07851    -17.92297    -17.92297  1.6571  1.6535  -2.30074  -0.06604-0.0737
  4p    5.     -14.27487    -14.27487-0.07810    -14.35297    -14.35297  1.8527  1.8477  -2.67770  -0.07396-0.0750-0.0756-0.0764
  4d    9.      -8.61896     -8.61896-0.07674     -8.69570     -8.69570  2.3844  2.3738  -3.36047  -0.07450-0.0751-0.0754-0.0767

0                           ecorrt=  -3.52812 (old)              ect=  -3.36047 (new)     etotrl=      0.00000 +  0.00000 +  0.00000

      etot= -12317.88697 -12317.88697         -12321.41509 -12321.41509 -12321.24744 -12321.24744 -12321.24744


 Sn6+   4p54d9          6 -12321.2474 0   40.7117 2    3.5993 2  108.2212 3  137.4940 4
    85.4544 4


0    t(run)=  0.05,     t(job)=   0.09 seconds
1
   Sn6+   4d74f1           nconf=  3    z= 50    ncores= 9    nvales= 1    ion= 6    r(i)/x(i)=0.24031862      ca1=0.700

 tolstb=1.000   tolk-2=0.20000   tolend= 0.5E-07   thresh= 0.1E-10   kut=-1    exf=0.650   corrf=1.000      ca0= 0.500

0rcn mod 36  ihf1= 2        mesh= 641   idb= 641   rdb=1574.928   emx=   0.00   r(mesh)=1574.928     irel= 1     ib= 641
0hfr      energy = e(av)


0    t(run)=  0.03,     t(job)=   0.12 seconds
1Sn6+   4d74f1         nconf=  3      z= 50     ion= 6     kut=-1      exf=0.650     corrf=1.000   ca1=0.700   ca0=0.500



                           rscore(i)           rsvale(i)           rsatom(i)           pnl( 1s)            pnl( 2s) 
    r (a0)    nc          1         6         1         6         1         6         1         6         1         6


    0.0000     0       0.00000   9.85302   0.00000   0.00000   0.00000   9.85302  0.000000  2.079695  0.000000  0.696596
    0.0060     1      26.58565  41.98498   0.00000   0.00000  26.58565  41.98498  3.418634  4.297033  1.126315  1.380619
    0.0120     2      53.35341  60.35256   0.00000   0.00000  53.35341  60.35256  4.839806  5.133498  1.500692  1.516279
    0.0180     3      63.65222  64.25518   0.00000   0.00000  63.65222  64.25518  5.242446  5.215705  1.450652  1.322573
    0.0240     4      63.16427  59.11780   0.00000   0.00000  63.16427  59.11780  5.091051  4.658021  1.147372  0.703771
    0.0360     5      55.98364  55.53106   0.00000   0.00000  55.98364  55.53106  4.104962  3.525708  0.196106 -0.324984
    0.0481     6      57.80817  62.02877   0.00000   0.00000  57.80817  62.02877  2.972132  2.470284 -0.826044 -1.285747
    0.0601     7      67.17019  72.30145   0.00000   0.00001  67.17020  72.30146  2.030633  1.654570 -1.692199 -2.039793
    0.0721     8      76.72585  81.97036   0.00002   0.00004  76.72587  81.97040  1.338505  0.861350 -2.327266 -2.730329
    0.0961     9      82.02005  78.14231   0.00010   0.00020  82.02014  78.14251  0.544998  0.340615 -2.932803 -2.976729
    0.1202    10      72.30780  66.30676   0.00037   0.00063  72.30817  66.30739  0.210934  0.129712 -2.903944 -2.751216
    0.1442    11      61.37300  58.13046   0.00101   0.00155  61.37401  58.13202  0.079305  0.048204 -2.548583 -2.319310
    0.1682    12      56.70033  58.20295   0.00228   0.00444  56.70262  58.20739  0.029100  0.010430 -2.080599 -1.619389
    0.2163    13      62.55100  66.45823   0.00774   0.01240  62.55874  66.47063  0.003678  0.001282 -1.219087 -0.895824
    0.2644    14      67.97588  66.53326   0.01860   0.02644  67.99447  66.55970  0.000443  0.000152 -0.646562 -0.460364
    0.3124    15      62.49656  56.68406   0.03599   0.04726  62.53255  56.73132  0.000052  0.000018 -0.324404 -0.226779
    0.3605    16      50.00665  37.02466   0.06021   0.09077  50.06686  37.11543  0.000006  0.000001 -0.157555 -0.075018
    0.4566    17      27.36198  21.88162   0.12661   0.16633  27.48859  22.04795  0.000000  0.000000 -0.035174 -0.016097
    0.5527    18      19.78032  19.74005   0.20834   0.25115  19.98866  19.99120  0.000000  0.000000 -0.007190 -0.003159
    0.6489    19      20.57483  21.46446   0.29341   0.33406  20.86825  21.79852  0.000000  0.000000 -0.001372 -0.000591
    0.7450    20      21.95759  21.24603   0.37228   0.43945  22.32988  21.68547  0.000000  0.000000 -0.000253 -0.000046
    0.9372    21      18.71045  15.35062   0.49272   0.53191  19.20317  15.88254  0.000000  0.000000 -0.000008 -0.000001
    1.1295    22      11.96686   8.99087   0.55778   0.57144  12.52463   9.56231  0.000000  0.000000 -0.000000 -0.000000
    1.3218    23       6.57458   4.71137   0.57417   0.56726   7.14875   5.27863  0.000000  0.000000 -0.000000 -0.000000
    1.5140    24       3.32435   1.59973   0.55208   0.50237   3.87643   2.10210  0.000000  0.000000 -0.000000 -0.000000
    1.8985    25       0.74493   0.33851   0.43593   0.36270   1.18086   0.70120  0.000000  0.000000 -0.000000 -0.000000
    2.2830    26       0.15077   0.06598   0.29063   0.22515   0.44140   0.29113  0.000000  0.000000 -0.000000 -0.000000
    2.6675    27       0.02841   0.01206   0.16920   0.12373   0.19762   0.13579  0.000000  0.000000 -0.000000 -0.000000
    3.0520    28       0.00505   0.00085   0.08828   0.04213   0.09333   0.04298  0.000000  0.000000  0.000000  0.000000
    3.8211    29       0.00014   0.00002   0.01868   0.00779   0.01882   0.00782  0.000000  0.000000  0.000000  0.000000
    4.5901    30       0.00000   0.00000   0.00309   0.00117   0.00309   0.00117  0.000000  0.000000  0.000000  0.000000
    5.3591    31       0.00000   0.00000   0.00043   0.00015   0.00043   0.00015  0.000000  0.000000  0.000000  0.000000
    6.1281    32       0.00000   0.00000   0.00005   0.00001   0.00005   0.00001  0.000000  0.000000  0.000000  0.000000
    7.6662    33       0.00000   0.00000   0.00000   0.00000   0.00000   0.00000  0.000000  0.000000  0.000000  0.000000
    9.2042    34       0.00000   0.00000   0.00000   0.00000   0.00000   0.00000  0.000000  0.000000  0.000000  0.000000
   10.7422    35       0.00000   0.00000   0.00000   0.00000   0.00000   0.00000  0.000000  0.000000  0.000000  0.000000
   12.2803    36       0.00000   0.00000   0.00000   0.00000   0.00000   0.00000  0.000000  0.000000  0.000000  0.000000
   15.3564    37       0.00000   0.00000   0.00000   0.00000   0.00000   0.00000  0.000000  0.000000  0.000000  0.000000
   18.4324    38       0.00000   0.00000   0.00000   0.00000   0.00000   0.00000  0.000000  0.000000  0.000000  0.000000
   21.5085    39       0.00000   0.00000   0.00000   0.00000   0.00000   0.00000  0.000000  0.000000  0.000000  0.000000
   24.5846    40       0.00000   0.00000   0.00000   0.00000   0.00000   0.00000  0.000000  0.000000  0.000000  0.000000
1Sn6+   4d74f1         nconf=  3      z= 50     ion= 6     kut=-1      exf=0.650     corrf=1.000   ca1=0.700   ca0=0.500



                           pnl( 2p)            pnl( 3s)            pnl( 3p)            pnl( 3d)            pnl( 4s) 
    r (a0)    nc          1         6         1         6         1         6         1         6         1         6


    0.0000     0      0.000000  0.030073  0.000000  0.306924  0.000000  0.013845  0.000000  0.000103  0.000000  0.136145
    0.0060     1      0.108203  0.221921  0.495055  0.604562  0.049755  0.101875  0.000773  0.002457  0.219487  0.267831
    0.0120     2      0.361657  0.519684  0.653595  0.655379  0.165662  0.237400  0.005505  0.010186  0.289229  0.289561
    0.0180     3      0.689690  0.866515  0.620371  0.557094  0.314023  0.392994  0.016698  0.025182  0.273484  0.244803
    0.0240     4      1.045953  1.399695  0.472594  0.262395  0.472220  0.624891  0.035728  0.063171  0.206672  0.112146
    0.0360     5      1.731064  2.027962  0.025856 -0.212449  0.761882  0.876853  0.099030  0.142911  0.006146 -0.100215
    0.0481     6      2.283795  2.495848 -0.435655 -0.632996  0.966259  1.028595  0.194155  0.251931 -0.199244 -0.286064
    0.0601     7      2.664080  2.790246 -0.798155 -0.928013  1.063821  1.072924  0.315317  0.383351 -0.357788 -0.412997
    0.0721     8      2.877240  2.948319 -1.021746 -1.105139  1.057588  0.962368  0.455071  0.605890 -0.451331 -0.479491
    0.0961     9      2.908461  2.788057 -1.065767 -0.928569  0.797472  0.582681  0.760966  0.914551 -0.450703 -0.377064
    0.1202    10      2.613661  2.406948 -0.719805 -0.463852  0.336162  0.073522  1.062049  1.199966 -0.271424 -0.145833
    0.1442    11      2.184728  1.959459 -0.181725  0.109408 -0.192455 -0.451820  1.325805  1.437927 -0.010785  0.125043
    0.1682    12      1.739939  1.339293  0.396157  0.919669 -0.697151 -1.126603  1.535405  1.685499  0.254862  0.477658
    0.2163    13      1.005632  0.741258  1.341868  1.647956 -1.458936 -1.691425  1.778134  1.819525  0.633706  0.716097
    0.2644    14      0.538790  0.387452  1.842381  1.939519 -1.832331 -1.895210  1.817777  1.781418  0.728541  0.680533
    0.3124    15      0.276334  0.195831  1.957615  1.915192 -1.895283 -1.847329  1.718551  1.636405  0.584057  0.451507
    0.3605    16      0.138096  0.067918  1.829142  1.581108 -1.764586 -1.537669  1.541171  1.330954  0.294495 -0.053592
    0.4566    17      0.032964  0.015650  1.297369  1.025875 -1.280568 -1.032128  1.117613  0.918535 -0.397500 -0.700203
    0.5527    18      0.007273  0.003330  0.789330  0.594913 -0.811805 -0.626722  0.742394  0.592177 -0.943169 -1.121146
    0.6489    19      0.001508  0.000678  0.441352  0.323478 -0.476927 -0.358910  0.467455  0.365963 -1.237154 -1.298713
    0.7450    20      0.000303  0.000060  0.234897  0.121524 -0.267778 -0.146367  0.284635  0.169718 -1.315237 -1.251125
    0.9372    21      0.000012  0.000002  0.061957  0.031369 -0.078822 -0.042136  0.099901  0.058352 -1.111266 -0.942572
    1.1295    22      0.000000  0.000000  0.015698  0.007666 -0.022396 -0.011713  0.033913  0.019595 -0.773626 -0.619575
    1.3218    23      0.000000  0.000000  0.003673  0.001736 -0.006008 -0.003039  0.011190  0.006317 -0.486875 -0.376858
    1.5140    24      0.000000  0.000000  0.000812  0.000174 -0.001522 -0.000374  0.003537  0.001090 -0.288128 -0.163577
    1.8985    25      0.000000  0.000000  0.000037  0.000008 -0.000090 -0.000021  0.000331  0.000099 -0.090122 -0.048531
    2.2830    26      0.000000  0.000000  0.000002  0.000000 -0.000005 -0.000001  0.000030  0.000009 -0.025654 -0.013318
    2.6675    27      0.000000  0.000000  0.000000  0.000000 -0.000000 -0.000000  0.000003  0.000001 -0.006763 -0.003376
    3.0520    28      0.000000  0.000000  0.000000  0.000000 -0.000000 -0.000000  0.000000  0.000000 -0.001665 -0.000395
    3.8211    29      0.000000  0.000000  0.000000  0.000000 -0.000000 -0.000000  0.000000  0.000000 -0.000091 -0.000021
    4.5901    30      0.000000  0.000000  0.000000  0.000000 -0.000000 -0.000000  0.000000  0.000000 -0.000005 -0.000001
    5.3591    31      0.000000  0.000000  0.000000  0.000000 -0.000000 -0.000000  0.000000  0.000000 -0.000000 -0.000000
    6.1281    32      0.000000  0.000000  0.000000  0.000000  0.000000  0.000000  0.000000  0.000000 -0.000000 -0.000000
    7.6662    33      0.000000  0.000000  0.000000  0.000000  0.000000  0.000000  0.000000  0.000000 -0.000000 -0.000000
    9.2042    34      0.000000  0.000000  0.000000  0.000000  0.000000  0.000000  0.000000  0.000000 -0.000000 -0.000000
   10.7422    35      0.000000  0.000000  0.000000  0.000000  0.000000  0.000000  0.000000  0.000000 -0.000000 -0.000000
   12.2803    36      0.000000  0.000000  0.000000  0.000000  0.000000  0.000000  0.000000  0.000000  0.000000  0.000000
   15.3564    37      0.000000  0.000000  0.000000  0.000000  0.000000  0.000000  0.000000  0.000000  0.000000  0.000000
   18.4324    38      0.000000  0.000000  0.000000  0.000000  0.000000  0.000000  0.000000  0.000000  0.000000  0.000000
   21.5085    39      0.000000  0.000000  0.000000  0.000000  0.000000  0.000000  0.000000  0.000000  0.000000  0.000000
   24.5846    40      0.000000  0.000000  0.000000  0.000000  0.000000  0.000000  0.000000  0.000000  0.000000  0.000000
1Sn6+   4d74f1         nconf=  3      z= 50     ion= 6     kut=-1      exf=0.650     corrf=1.000   ca1=0.700   ca0=0.500



                           pnl( 4p)            pnl( 4d)            pnl( 4f) 
    r (a0)    nc          1         6         1         6         1         6         1         6         1         6


    0.0000     0      0.000000  0.005951  0.000000  0.000042  0.000000  0.000000
    0.0060     1      0.021381  0.043765  0.000314  0.000998  0.000000  0.000002
    0.0120     2      0.071137  0.101889  0.002236  0.004137  0.000006  0.000014
    0.0180     3      0.134688  0.168432  0.006779  0.010220  0.000029  0.000051
    0.0240     4      0.202208  0.267000  0.014494  0.025601  0.000085  0.000192
    0.0360     5      0.324623  0.372301  0.040086  0.057766  0.000371  0.000641
    0.0481     6      0.408485  0.432529  0.078348  0.101467  0.001022  0.001532
    0.0601     7      0.444439  0.444684  0.126718  0.153677  0.002186  0.003001
    0.0721     8      0.434051  0.384234  0.181923  0.240648  0.003989  0.006529
    0.0961     9      0.304015  0.202709  0.299874  0.357039  0.009874  0.014067
    0.1202    10      0.088946 -0.029780  0.410076  0.457409  0.019127  0.025053
    0.1442    11     -0.147284 -0.258740  0.497908  0.530833  0.031825  0.039414
    0.1682    12     -0.360501 -0.525563  0.555774  0.581378  0.047779  0.066639
    0.2163    13     -0.631902 -0.678789  0.575957  0.542820  0.087982  0.111366
    0.2644    14     -0.671400 -0.617945  0.486287  0.410987  0.136368  0.162599
    0.3124    15     -0.527764 -0.410145  0.321423  0.221743  0.189710  0.217392
    0.3605    16     -0.273662  0.026851  0.115622 -0.103451  0.245370  0.301277
    0.4566    17      0.326838  0.597604 -0.316228 -0.510274  0.355830  0.407832
    0.5527    18      0.823468  0.998536 -0.678278 -0.816991  0.456446  0.501147
    0.6489    19      1.123353  1.202290 -0.926028 -1.006881  0.541676  0.577978
    0.7450    20      1.241640  1.229193 -1.062148 -1.108654  0.610149  0.662908
    0.9372    21      1.137317  1.005694 -1.091194 -1.032234  0.701941  0.729324
    1.1295    22      0.861091  0.719786 -0.949135 -0.854383  0.746843  0.755936
    1.3218    23      0.590609  0.477508 -0.756503 -0.661036  0.757737  0.753169
    1.5140    24      0.381440  0.236539 -0.571363 -0.415847  0.743021  0.708781
    1.8985    25      0.142426  0.083860 -0.294467 -0.204101  0.660249  0.602244
    2.2830    26      0.048513  0.027660 -0.139042 -0.093376  0.539100  0.474497
    2.6675    27      0.015564  0.008628 -0.061956 -0.040686  0.411344  0.351757
    3.0520    28      0.004716  0.001367 -0.026478 -0.010951  0.297119  0.205247
    3.8211    29      0.000385  0.000106 -0.004394 -0.001720  0.136680  0.088289
    4.5901    30      0.000029  0.000008 -0.000660 -0.000249  0.055587  0.034241
    5.3591    31      0.000002  0.000001 -0.000093 -0.000034  0.020698  0.012308
    6.1281    32      0.000000  0.000000 -0.000012 -0.000002  0.007214  0.002389
    7.6662    33      0.000000  0.000000 -0.000000 -0.000000  0.000759  0.000233
    9.2042    34      0.000000  0.000000 -0.000000 -0.000000  0.000070  0.000020
   10.7422    35      0.000000  0.000000 -0.000000 -0.000000  0.000006  0.000002
   12.2803    36      0.000000  0.000000 -0.000000 -0.000000  0.000000  0.000000
   15.3564    37      0.000000  0.000000 -0.000000 -0.000000  0.000000  0.000000
   18.4324    38      0.000000  0.000000 -0.000000 -0.000000  0.000000  0.000000
   21.5085    39      0.000000  0.000000 -0.000000 -0.000000  0.000000  0.000000
   24.5846    40      0.000000  0.000000  0.000000  0.000000  0.000000  0.000000
1Sn6+   4d74f1         nconf=  3      z= 50     ion= 6     kut=-1      exf=0.650     corrf=1.000   ca1=0.700   ca0=0.500






  nl   wnl         ee          az      (r-3)      (r-2)      (r-1)      (r+1)      (r+2)      (r+3)      (r+4)      (r+6)

  1s    2.   -2164.61512   1006.031  0.000E+00  6.062E+03  5.299E+01  2.909E-02  1.145E-03  5.695E-05  3.425E-06  1.963E-08
  2s    2.    -339.91426    340.237  0.000E+00  6.767E+02  1.212E+01  1.254E-01  1.855E-02  3.123E-03  5.923E-04  2.957E-05
  2p    6.    -305.89273   4069.494  4.496E+03  1.834E+02  1.159E+01  1.099E-01  1.473E-02  2.338E-03  4.302E-04  2.131E-05
  3s    2.     -74.13661    150.121  0.000E+00  1.335E+02  4.326E+00  3.374E-01  1.301E-01  5.536E-02  2.578E-02  7.242E-03
  3p    6.     -62.66398   1874.650  8.320E+02  3.605E+01  4.100E+00  3.360E-01  1.308E-01  5.680E-02  2.725E-02  8.330E-03
  3d   10.     -44.85883   4316.385  1.195E+02  1.879E+01  3.873E+00  3.132E-01  1.161E-01  5.005E-02  2.470E-02  8.618E-03
  4s    2.     -18.29035     66.610  0.000E+00  2.692E+01  1.703E+00  8.081E-01  7.356E-01  7.318E-01  7.900E-01  1.165E+00
  4p    6.     -14.51593    805.878  1.501E+02  7.117E+00  1.562E+00  8.629E-01  8.444E-01  9.090E-01  1.069E+00  1.903E+00
  4d    7.      -9.01590   1754.261  1.667E+01  3.148E+00  1.316E+00  9.932E-01  1.139E+00  1.466E+00  2.097E+00  5.776E+00
  4f    1.      -3.85741    370.427  1.065E+00  7.685E-01  7.651E-01  1.634E+00  3.202E+00  7.278E+00  1.874E+01  1.691E+02

       44.                                      1.537E+04  2.945E+02  2.217E+01  2.005E+01  2.543E+01  4.188E+01  2.235E+02

        1.                                      3.493E+02  6.693E+00  5.039E-01  4.557E-01  5.780E-01  9.518E-01  5.079E+00



            --------------------zeta---------------------
  nl   wnl    ----blume-watson----     -----(r*vi)-----     i (ryd)      eps s       evel       edar   evel+edar    erel
                 (ryd)      (cm-1)     (ryd)      (cm-1)
  1s    2.      0.00000       0.000   0.00000       0.000-2585.19294 -2154.78286 -528.28871  440.10516  -88.184 -2242.96641
  2s    2.      0.00000       0.000   0.00000       0.000 -646.66970  -336.50320  -72.96304   48.91262  -24.050  -360.55361
  2p    6.     11.22282 1231561.610  11.52258 1264456.681 -630.18463  -304.71303   -9.42481    0.00153   -9.425  -314.13783
  3s    2.      0.00000       0.000   0.00000       0.000 -269.99659   -72.61075  -14.82215    9.48402   -5.338   -77.94888
  3p    6.      2.07460  227661.461   2.12507  233199.283 -261.15637   -62.00999   -2.28600    0.00173   -2.286   -64.29599
  3d   10.      0.24267   26630.426   0.25888   28409.216 -251.66926   -45.50068   -0.53149   -0.01432   -0.531   -46.03217
  4s    2.      0.00000       0.000   0.00000       0.000 -127.34268   -17.91014   -2.95417    1.86555   -1.089   -18.99876
  4p    6.      0.37380   41019.565   0.38235   41958.514 -119.22506   -14.51696   -0.43945    0.00042   -0.439   -14.95641
  4d    7.      0.03354    3680.695   0.03554    3899.942 -103.99108    -9.38130   -0.08800   -0.00187   -0.088    -9.46930
  4f    1.      0.00100     110.266   0.00120     131.893  -66.46379    -4.07053   -0.00408   -0.00019   -0.004    -4.07461
1Sn6+   4d74f1         nconf=  3      z= 50     ion= 6     kut=-1      exf=0.650     corrf=1.000   ca1=0.700   ca0=0.500





0               without correlation                with correlation
              -----------------------           -----------------------
  nl   wnl       eps fg      eps fgr    corr       eps fg      eps fgr     n*r     n*rc     ect     ec-----------------

  1s    2.   -2164.53258  -2164.53258-0.08293  -2164.61551  -2164.61551  0.1505  0.1505  -0.08271   0.00000-0.0827
  2s    2.    -339.83184   -339.83184-0.08240   -339.91424   -339.91424  0.3797  0.3797  -0.23236  -0.06851-0.0811
  2p    6.    -305.81051   -305.81051-0.08248   -305.89300   -305.89300  0.4003  0.4002  -0.72473  -0.08179-0.0819-0.0821-0.0822
  3s    2.     -74.05525    -74.05525-0.08128    -74.13653    -74.13653  0.8134  0.8130  -0.87183  -0.06869-0.0784
  3p    6.     -62.58276    -62.58276-0.08128    -62.66404    -62.66404  0.8849  0.8843  -1.35146  -0.07920-0.0796-0.0799-0.0804
  3d   10.     -44.77743    -44.77743-0.08141    -44.85883    -44.85883  1.0461  1.0451  -2.16103  -0.08068-0.0808-0.0808-0.0812
  4s    2.     -18.21168    -18.21168-0.07851    -18.29019    -18.29019  1.6403  1.6368  -2.30097  -0.06620-0.0737
  4p    6.     -14.43803    -14.43803-0.07811    -14.51614    -14.51614  1.8422  1.8373  -2.75484  -0.07400-0.0750-0.0756-0.0767
  4d    7.      -8.93904     -8.93904-0.07690     -9.01595     -9.01595  2.3413  2.3313  -3.28637  -0.07496-0.0754-0.0758-0.0766
  4f    1.      -3.79183     -3.79183-0.06556     -3.85739     -3.85739  3.5948  3.5641  -3.35193  -0.06556

0                           ecorrt=  -3.51944 (old)              ect=  -3.35193 (new)     etotrl=      0.00000 +  0.00000 +  0.00000

      etot= -12318.64201 -12318.64201         -12322.16145 -12322.16145 -12321.99394 -12321.99394 -12321.99394


 Sn6+   4d74f1         10 -12321.9939 0  102.3768 1   68.2850 1    3.6807 2    0.1103 2
    65.2852 3   40.1289 3   75.2790 4   45.6619 4   31.8654 4


0    t(run)=  0.05,     t(job)=   0.14 seconds
