1
   Sn9+   4p64d5           nconf=  1    z= 50    ncores= 8    nvales= 1    ion= 9    r(i)/x(i)=0.24031862      ca1=0.700

 tolstb=1.000   tolk-2=0.20000   tolend= 0.5E-07   thresh= 0.1E-10   kut=-1    exf=0.650   corrf=1.000      ca0= 0.500

0rcn mod 36  ihf1= 2        mesh= 641   idb= 641   rdb=1574.928   emx=   0.00   r(mesh)=1574.928     irel= 1     ib= 641
0hfr      energy = e(av)


0    t(run)=  0.02,     t(job)=   0.02 seconds
1Sn9+   4p64d5         nconf=  1      z= 50     ion= 9     kut=-1      exf=0.650     corrf=1.000   ca1=0.700   ca0=0.500



                           rscore(i)           rsvale(i)           rsatom(i)           pnl( 1s)            pnl( 2s) 
    r (a0)    nc          1         6         1         6         1         6         1         6         1         6


    0.0000     0       0.00000   9.85506   0.00000   0.00000   0.00000   9.85506  0.000000  2.079676  0.000000  0.696628
    0.0060     1      26.59116  41.99378   0.00000   0.00001  26.59116  41.99379  3.418605  4.296998  1.126369  1.380687
    0.0120     2      53.36501  60.36663   0.00003   0.00010  53.36504  60.36673  4.839770  5.133463  1.500768  1.516359
    0.0180     3      63.66878  64.27457   0.00026   0.00060  63.66905  64.27516  5.242415  5.215679  1.450732  1.322650
    0.0240     4      63.18700  59.14865   0.00120   0.00375  63.18820  59.15240  5.091031  4.658013  1.147443  0.703828
    0.0360     5      56.02295  55.57567   0.00920   0.01909  56.03214  55.59477  4.104967  3.525724  0.196145 -0.324966
    0.0481     6      57.85065  62.05747   0.03512   0.05890  57.88577  62.11637  2.972158  2.470317 -0.826047 -1.285772
    0.0601     7      67.16994  72.25465   0.09185   0.13507  67.26180  72.38973  2.030671  1.654610 -1.692244 -2.039856
    0.0721     8      76.61370  81.67221   0.18926   0.33106  76.80297  82.00327  1.338545  0.861387 -2.327345 -2.730431
    0.0961     9      81.47359  77.30771   0.51386   0.72809  81.98745  78.03580  0.545028  0.340637 -2.932914 -2.976835
    0.1202    10      71.17178  64.88158   0.95990   1.19346  72.13168  66.07504  0.210949  0.129721 -2.904030 -2.751274
    0.1442    11      59.69221  56.24309   1.41300   1.604 Eav & pars     4 -12296.2658 0109.1685 1 73.3466 1  4.1949 2
 finished  Sn9+   4p64d5   at   t(run)=  0.04,     t(job)=   0.04 seconds


 Sn9+   4p54d6      Z= 50   Ion stage=  9   Noelec= 41   IREL=1   EMX=  0.00   IDB= 641   R( 641)=1574.9

  it  time   delta  idel kut itp  1s    2s    2p    3s    3p    3d    4s    4p    4d
                                   2.    2.    6.    2.    6.   10.    2.    5.    6.
   1  0.00 -0.580489 139  0   1  0.400 0.000 0.000 0.000 0.000 0.000 0.000 0.000 0.000
   2  0.00  0.305912 120  0   1  0.400 0.000 0.000 0.000 0.000 0.000 0.000 0.000 0.000
   3  0.00  0.171618 118  0   2  0.320 0.320 0.320 0.320 0.320 0.320 0.320 0.320 0.320
   4  0.00 -0.037388 124 -1   2  0.320 0.320 0.320 0.320 0.320 0.320 0.320 0.320 0.320
   5  0.00 -0.027672 121 -1   3  0.480 0.320 0.480 0.480 0.480 0.480 0.480 0.480 0.480
   6  0.00  0.010296 254 -1   4  0.720 0.213 0.720 0.720 0.720 0.720 0.720 0.720 0.720
   7  0.00  0.005010 205 -1   5  0.720 0.320 1.000 1.000 1.000 1.000 1.000 1.000 1.000
   8  0.00 -0.001895 181 -1   6  0.720 0.480 1.000 1.000 1.000 1.000 1.000 1.000 1.000
   9  0.00  0.000706 172 -1   7  1.000 0.720 1.000 1.000 0.667 0.667 0.667 0.667 0.667
  10  0.02  0.000115  71 -1   8  1.000 1.000 1.000 0.667 0.667 0.667 0.667 0.667 0.667
  11  0.02  0.000017  83 -1   9  1.000 1.000 0.667 1.000 0.444 0.444 1.000 0.444 0.444
  12  0.02 -0.000014  86 -1  10  0.667 0.667 1.000 1.000 0.667 0.667 0.667 0.667 0.444
  13  0.02  0.000002 133 -1  11  0.667 0.667 0.667 0.667 0.444 0.667 1.000 0.444 0.296
  14  0.02 -0.000000 172 -1  12  0.667 1.000 1.000 0.667 0.444 0.667 1.000 0.444 0.444
  15  0.02  0.000000  94 -1  13  1.000 0.667 1.000 1.000 0.667 1.000 1.000 0.667 0.667
  16  0.02 -0.000000 134 -1  14  0.667 0.667 0.667 1.000 0.667 1.000 0.667 0.667 1.000
 Eav & pars     8 -12290.7499 0109.3067 1 73.4378 1 43.9029 2  4.2188 2
 115.2421 3146.3915 4 91.7426 4
 finished  Sn9+   4p54d6   at   t(run)=  0.04,     t(job)=   0.07 seconds


 Sn9+   4d44f1      Z= 50   Ion stage=  9   Noelec= 41   IREL=1   EMX=  0.00   IDB= 641   R( 641)=1574.9

  it  time   delta  idel kut itp  1s    2s    2p    3s    3p    3d    4s    4p    4d    4f
                                   2.    2.    6.    2.    6.   10.    2.    6.    4.    1.
   1  0.00 -0.606866 133  0   1  0.400 0.000 0.000 0.000 0.000 0.000 0.000 0.000 0.000 0.000
   2  0.00  0.293036 126  0   1  0.400 0.000 0.000 0.000 0.000 0.000 0.000 0.000 0.000 0.000
   3  0.00  0.162940 122  0   2  0.320 0.320 0.320 0.320 0.320 0.320 0.320 0.320 0.320 0.320
   4  0.00 -0.036416 124 -1   2  0.320 0.320 0.320 0.320 0.320 0.320 0.320 0.320 0.320 0.320
   5  0.00 -0.026769 120 -1   3  0.480 0.320 0.480 0.480 0.480 0.480 0.480 0.480 0.480 0.480
   6  0.00  0.011396 257 -1   4  0.720 0.480 0.720 0.720 0.720 0.720 0.720 0.720 0.720 0.720
   7  0.00  0.005477 207 -1   5  0.720 0.720 1.000 1.000 1.000 1.000 1.000 1.000 1.000 1.000
   8  0.00 -0.002149 179 -1   6  0.480 1.000 1.000 1.000 1.000 1.000 1.000 1.000 1.000 1.000
   9  0.01  0.000724 176 -1   7  0.720 1.000 1.000 0.667 0.667 0.667 0.667 0.667 0.667 0.667
  10  0.01 -0.000046 100 -1   8  1.000 0.667 0.667 0.667 0.667 0.667 0.667 0.667 0.667 0.667
  11  0.02  0.000011 180 -1   9  1.000 0.667 0.667 0.444 1.000 0.444 0.667 0.444 1.000 1.000
  12  0.02 -0.000002 196 -1  10  1.000 1.000 1.000 0.667 1.000 0.667 0.444 0.444 0.667 0.667
  13  0.02  0.000001 107 -1  11  0.667 1.000 1.000 1.000 1.000 1.000 0.667 0.667 0.667 1.000
  14  0.02 -0.000000 132 -1  12  0.667 0.667 0.667 1.000 1.000 1.000 1.000 1.000 1.000 1.000
  15  0.02  0.000000 140 -1  13  1.000 0.667 0.667 0.667 1.000 0.667 0.667 1.000 0.667 0.667
  16  0.02 -0.000000 173 -1  14  1.000 1.000 0.444 0.444 0.667 0.667 0.667 0.667 0.444 0.444
 Eav & pars    10 -12290.7933 0109.7964 1 73.8014 1  4.2616 2  0.2504 2
  92.6174 3 59.8037 3111.0361 4 69.6916 4 49.3135 4
 finished  Sn9+   4d44f1   at   t(run)=  0.04,     t(job)=   0.11 seconds
.
Finished at                                  13:18:18.46, Wed 07/16/2025
Time spent:                                  0 hr 0 min 0.14 sec
762789  0.877889  0.099160  0.143099  0.006230 -0.102579
    0.0481     6      2.283885  2.495950 -0.436105 -0.633639  0.967391  1.029787  0.194410  0.252262 -0.203882 -0.292685
    0.0601     7      2.664194  2.790367 -0.798955 -0.928931  1.065037  1.074128  0.315731  0.383854 -0.366037 -0.422484
    0.0721     8      2.877368  2.948449 -1.022742 -1.106171  1.058747  0.963350  0.455667  0.606682 -0.461659 -0.490357
    0.0961     9      2.908580  2.788154 -1.066697 -0.929286  0.798182  0.583054  0.761954  0.915728 -0.460770 -0.385285
    0.1202    10      2.613725  2.406971 -0.720232 -0.463943  0.336162  0.073138  1.063397  1.201464 -0.277062 -0.148445
    0.1442    11      2.184708  1.959396 -0.181464  0.110013 -0.193211 -0.452919  1.327425  1.439637 -0.010185  0.128826
    0.1682    12      1.739835  1.339124  0.397078  0.921087 -0.698550 -1.128445  1.537174  1.687290  0.261635  0.489369
    0.2163    13      1.005424  0.741037  1.343563  1.649705 -1.460990 -1.693472  1.779827  1.821023  0.648546  0.732119
    0.2644    14      0.538575  0.387256  1.843995  1.940856 -1.834191 -1.896749  1.819006  1.782332  0.743938  0.693789
    0.3124    15      0.276165  0.195690  1.958584  1.915748 -1.896416 -1.848010  1.719122  1.636629  0.594010  0.457358
    0.3605    16      0.137982  0.067852  1.829276  1.580472 -1.764805 -1.537025  1.541056  1.330220  0.295785 -0.061652
    0.4566    17      0.032930  0.015634  1.296147  1.024273 -1.279230 -1.030299  1.116377  0.916920 -0.413777 -0.722563
    0.5527    18      0.007266  0.003327  0.787530  0.593052 -0.809670 -0.624434  0.740512  0.590124 -0.969045 -1.147966
    0.6489    19      0.001507  0.000677  0.439523  0.321741 -0.474599 -0.356625  0.465308  0.363782 -1.262614 -1.320924
    0.7450    20      0.000303  0.000060  0.233287  0.120207 -0.265591 -0.144470  0.282470  0.167693 -1.332786 -1.256967
    0.9372    21      0.000012  0.000002  0.060930  0.030599 -0.077264 -0.040910  0.098111  0.056841 -1.104814 -0.925407
    1.1295    22      0.000000  0.000000  0.015151  0.007318 -0.021474 -0.011071  0.032690  0.018647 -0.748453 -0.589405
    1.3218    23      0.000000  0.000000  0.003468  0.001621 -0.005600 -0.002794  0.010497  0.005839 -0.454485 -0.344507
    1.5140    24      0.000000  0.000000  0.000749  0.000157 -0.001380 -0.000329  0.003220  0.000961 -0.257457 -0.138922
    1.8985    25      0.000000  0.000000  0.000032  0.000006 -0.000077 -0.000018  0.000282  0.000082 -0.072290 -0.036562
    2.2830    26      0.000000  0.000000  0.000001  0.000000 -0.000004 -0.000001  0.000023  0.000007 -0.018054 -0.008703
    2.6675    27      0.000000  0.000000  0.000000  0.000000 -0.000000 -0.000000  0.000002  0.000001 -0.004106 -0.001908
    3.0520    28      0.000000  0.000000  0.000000  0.000000 -0.000000 -0.000000  0.000000  0.000000 -0.000875 -0.000179
    3.8211    29      0.000000  0.000000  0.000000  0.000000 -0.000000 -0.000000  0.000000  0.000000 -0.000036 -0.000007
    4.5901    30      0.000000  0.000000  0.000000  0.000000 -0.000000 -0.000000  0.000000  0.000000 -0.000001 -0.000000
    5.3591    31      0.000000  0.000000  0.000000  0.000000 -0.000000 -0.000000  0.000000  0.000000 -0.000000 -0.000000
    6.1281    32      0.000000  0.000000  0.000000  0.000000  0.000000  0.000000  0.000000  0.000000 -0.000000 -0.000000
    7.6662    33      0.000000  0.000000  0.000000  0.000000  0.000000  0.000000  0.000000  0.000000 -0.000000 -0.000000
    9.2042    34      0.000000  0.000000  0.000000  0.000000  0.000000  0.000000  0.000000  0.000000 -0.000000 -0.000000
   10.7422    35      0.000000  0.000000  0.000000  0.000000  0.000000  0.000000  0.000000  0.000000 -0.000000 -0.000000
   12.2803    36      0.000000  0.000000  0.000000  0.000000  0.000000  0.000000  0.000000  0.000000  0.000000  0.000000
1Sn9+   4p64d5         nconf=  1      z= 50     ion= 9     kut=-1      exf=0.650     corrf=1.000   ca1=0.700   ca0=0.500



                           pnl( 4p)            pnl( 4d) 
    r (a0)    nc          1         6         1         6         1         6         1         6         1         6


    0.0000     0      0.000000  0.006140  0.000000  0.000045
    0.0060     1      0.022060  0.045154  0.000336  0.001068
    0.0120     2      0.073395  0.105121  0.002393  0.004426
    0.0180     3      0.138960  0.173772  0.007253  0.010933
    0.0240     4      0.208616  0.275452  0.015506  0.027389
    0.0360     5      0.334884  0.384047  0.042884  0.061796
    0.0481     6      0.421343  0.446105  0.083810  0.108535
    0.0601     7      0.458339  0.458530  0.135537  0.164362
    0.0721     8      0.447491  0.395941  0.194558  0.257318
    0.0961     9      0.313015  0.208339  0.320582  0.381599
    0.1202    10      0.090831 -0.031761  0.438155  0.488560
    0.1442    11     -0.153045 -0.268028  0.531602  0.566488
    0.1682    12     -0.372943 -0.542878  0.592782  0.619253
    0.2163    13     -0.651943 -0.699419  0.612372  0.575729
    0.2644    14     -0.690706 -0.634348  0.514002  0.432202
    0.3124    15     -0.540058 -0.417495  0.335204  0.227499
    0.3605    16     -0.275578  0.036116  0.113070 -0.122427
    0.4566    17      0.346218  0.624927 -0.350081 -0.556416
    0.5527    18      0.856016  1.033475 -0.733536 -0.877983
    0.6489    19      1.158030  1.234406 -0.989434 -1.069629
    0.7450    20      1.269345  1.244400 -1.121530 -1.154924
    0.9372    21      1.137967  0.992374 -1.118823 -1.038926
    1.1295    22      0.836057  0.686097 -0.935159 -0.821816
    1.3218    23      0.551471  0.435843 -0.708517 -0.601304
    1.5140    24      0.339655  0.199366 -0.503607 -0.341944
    1.8985    25      0.112883  0.062141 -0.224206 -0.142979
    2.2830    26      0.033438  0.017650 -0.089129 -0.054515
    2.6675    27      0.009151  0.004670 -0.032809 -0.019474
    3.0520    28      0.002352  0.000580 -0.011419 -0.003808
    3.8211    29      0.000138  0.000032 -0.001228 -0.000386
    4.5901    30      0.000007  0.000002 -0.000118 -0.000036
    5.3591    31      0.000000  0.000000 -0.000011 -0.000003
    6.1281    32      0.000000  0.000000 -0.000001 -0.000000
    7.6662    33      0.000000  0.000000 -0.000000 -0.000000
    9.2042    34      0.000000  0.000000 -0.000000 -0.000000
   10.7422    35      0.000000  0.000000 -0.000000 -0.000000
   12.2803    36      0.000000  0.000000  0.000000  0.000000
1Sn9+   4p64d5         nconf=  1      z= 50     ion= 9     kut=-1      exf=0.650     corrf=1.000   ca1=0.700   ca0=0.500






  nl   wnl         ee          az      (r-3)      (r-2)      (r-1)      (r+1)      (r+2)      (r+3)      (r+4)      (r+6)

  1s    2.   -2169.85736   1006.004  0.000E+00  6.062E+03  5.299E+01  2.909E-02  1.145E-03  5.695E-05  3.425E-06  1.963E-08
  2s    2.    -345.20253    340.247  0.000E+00  6.768E+02  1.212E+01  1.254E-01  1.855E-02  3.122E-03  5.921E-04  2.955E-05
  2p    6.    -311.17796   4069.578  4.496E+03  1.834E+02  1.159E+01  1.099E-01  1.473E-02  2.337E-03  4.300E-04  2.129E-05
  3s    2.     -79.32487    150.268  0.000E+00  1.337E+02  4.330E+00  3.371E-01  1.299E-01  5.519E-02  2.566E-02  7.177E-03
  3p    6.     -67.84976   1876.896  8.339E+02  3.612E+01  4.105E+00  3.356E-01  1.305E-01  5.655E-02  2.707E-02  8.219E-03
  3d   10.     -50.03835   4322.016  1.197E+02  1.882E+01  3.877E+00  3.128E-01  1.158E-01  4.978E-02  2.449E-02  8.461E-03
  4s    2.     -22.98897     68.139  0.000E+00  2.813E+01  1.739E+00  7.930E-01  7.066E-01  6.856E-01  7.187E-01  9.855E-01
  4p    6.     -19.08392    831.461  1.597E+02  7.520E+00  1.607E+00  8.401E-01  7.977E-01  8.288E-01  9.347E-01  1.503E+00
  4d    5.     -13.53437   1876.859  1.892E+01  3.496E+00  1.392E+00  9.369E-01  1.006E+00  1.198E+00  1.568E+00  3.494E+00

       41.                                      1.537E+04  2.919E+02  1.809E+01  1.356E+01  1.330E+01  1.535E+01  2.861E+01

        1.                                      3.748E+02  7.120E+00  4.413E-01  3.307E-01  3.244E-01  3.743E-01  6.977E-01



            --------------------zeta---------------------
  nl   wnl    ----blume-watson----     -----(r*vi)-----     i (ryd)      eps s       evel       edar   evel+edar    erel
                 (ryd)      (cm-1)     (ryd)      (cm-1)
  1s    2.      0.00000       0.000   0.00000       0.000-2585.19082 -2160.02162 -528.27577  440.08577  -88.190 -2248.21162
  2s    2.      0.00000       0.000   0.00000       0.000 -646.67446  -341.79248  -72.96941   48.91611  -24.053  -365.84578
  2p    6.     11.22343 1231628.349  11.52328 1264533.898 -630.19120  -310.00277   -9.42551    0.00158   -9.426  -319.42829
  3s    2.      0.00000       0.000   0.00000       0.000 -270.09170   -77.78865  -14.85195    9.50271   -5.349   -83.13789
  3p    6.      2.07950  228198.581   2.13007  233747.673 -261.28263   -67.18884   -2.29173    0.00174   -2.292   -69.48057
  3d   10.      0.24325   26693.919   0.25949   28475.468 -251.79637   -50.69672   -0.53285   -0.01432   -0.533   -51.22957
  4s    2.      0.00000       0.000   0.00000       0.000 -128.90569   -22.65812   -3.09184    1.95214   -1.140   -23.79782
  4p    6.      0.39775   43647.714   0.40686   44647.319 -121.36584   -19.19325   -0.46811    0.00045   -0.468   -19.66136
  4d    5.      0.03823    4194.914   0.04050    4444.386 -108.26996   -13.90525   -0.10070   -0.00212   -0.101   -14.00595
1Sn9+   4p64d5         nconf=  1      z= 50     ion= 9     kut=-1      exf=0.650     corrf=1.000   ca1=0.700   ca0=0.500





0               without correlation                with correlation
              -----------------------           -----------------------
  nl   wnl       eps fg      eps fgr    corr       eps fg      eps fgr     n*r     n*rc     ect     ec-----------------

  1s    2.   -2169.77482  -2169.77482-0.08293  -2169.85775  -2169.85775  0.2147  0.2147  -0.08271   0.00000-0.0827
  2s    2.    -345.12011   -345.12011-0.08240   -345.20251   -345.20251  0.5383  0.5382  -0.23237  -0.06851-0.0811
  2p    6.    -311.09575   -311.09575-0.08248   -311.17823   -311.17823  0.5670  0.5669  -0.72473  -0.08179-0.0819-0.0821-0.0822
  3s    2.     -79.24350    -79.24350-0.08128    -79.32477    -79.32477  1.1234  1.1228  -0.87187  -0.06872-0.0784
  3p    6.     -67.76852    -67.76852-0.08128    -67.84980    -67.84980  1.2147  1.2140  -1.35154  -0.07920-0.0796-0.0799-0.0804
  3d   10.     -49.95693    -49.95693-0.08141    -50.03834    -50.03834  1.4148  1.4137  -2.16116  -0.08068-0.0808-0.0808-0.0812
  4s    2.     -22.91032    -22.91032-0.07836    -22.98868    -22.98868  2.0892  2.0857  -2.30208  -0.06693-0.0740
  4p    6.     -19.00608    -19.00608-0.07794    -19.08402    -19.08402  2.2938  2.2891  -2.75761  -0.07436-0.0753-0.0759-0.0770
  4d    5.     -13.45749    -13.45749-0.07680    -13.53430    -13.53430  2.7260  2.7182  -3.13920  -0.07572-0.0761-0.0764-0.0768

0                           ecorrt=  -3.29823 (old)              ect=  -3.13920 (new)     etotrl=      0.00000 +  0.00000 +  0.00000

      etot= -12293.12663 -12293.12663         -12296.42485 -12296.42485 -12296.26583 -12296.26583 -12296.26583


 Sn9+   4p64d5          4 -12296.2658 0  109.1685 1   73.3466 1    4.1949 2


0    t(run)=  0.04,     t(job)=   0.04 seconds
1
   Sn9+   4p54d6           nconf=  2    z= 50    ncores= 8    nvales= 1    ion= 9    r(i)/x(i)=0.24031862      ca1=0.700

 tolstb=1.000   tolk-2=0.20000   tolend= 0.5E-07   thresh= 0.1E-10   kut=-1    exf=0.650   corrf=1.000      ca0= 0.500

0rcn mod 36  ihf1= 2        mesh= 641   idb= 641   rdb=1574.928   emx=   0.00   r(mesh)=1574.928     irel= 1     ib= 641
0hfr      energy = e(av)


0    t(run)=  0.03,     t(job)=   0.06 seconds
1Sn9+   4p54d6         nconf=  2      z= 50     ion= 9     kut=-1      exf=0.650     corrf=1.000   ca1=0.700   ca0=0.500



                           rscore(i)           rsvale(i)           rsatom(i)           pnl( 1s)            pnl( 2s) 
    r (a0)    nc          1         6         1         6         1         6         1         6         1         6


    0.0000     0       0.00000   9.85545   0.00000   0.00000   0.00000   9.85545  0.000000  2.079707  0.000000  0.696664
    0.0060     1      26.59179  41.99345   0.00000   0.00001  26.59179  41.99345  3.418655  4.297059  1.126426  1.380753
    0.0120     2      53.36168  60.35778   0.00003   0.00012  53.36172  60.35790  4.839835  5.133527  1.500835  1.516420
    0.0180     3      63.65166  64.24646   0.00032   0.00072  63.65198  64.24718  5.242474  5.215730  1.450781  1.322683
    0.0240     4      63.14545  59.07468   0.00145   0.00453  63.14690  59.07921  5.091072  4.658031  1.147457  0.703798
    0.0360     5      55.91300  55.43102   0.01111   0.02306  55.92410  55.45408  4.104961  3.525696  0.196069 -0.325083
    0.0481     6      57.67680  61.86300   0.04241   0.07113  57.71921  61.93413  2.972110  2.470255 -0.826198 -1.285947
    0.0601     7      66.96515  72.05024   0.11091   0.16310  67.07607  72.21334  2.030599  1.654533 -1.692433 -2.040051
    0.0721     8      76.41965  81.52196   0.22852   0.39969  76.64817  81.92166  1.338467  0.861314 -2.327535 -2.730591
    0.0961     9      81.38250  77.27215   0.62032   0.87881  82.00282  78.15096  0.544968  0.340592 -2.933028 -2.976896
    0.1202    10      71.17309  64.89250   1.15845   1.44010  72.33154  66.33260  0.210918  0.129701 -2.904042 -2.751244
    0.1442    11      59.68340  56.18853   1.70475   1.93551  61.38815  58.12404  0.079299  0.048201 -2.548543 -2.319207
    0.1682    12      54.54540  55.78573   2.11896   2.31144  56.66435  58.09717  0.029098  0.010429 -2.080444 -1.619155
    0.2163    13      60.12184  64.25046   2.25916   1.99551  62.38100  66.24597  0.003678  0.001282 -1.218811 -0.895535
    0.2644    14      66.16099  65.19935   1.58907   1.12202  67.75006  66.32137  0.000443  0.000152 -0.646283 -0.460110
    0.3124    15      61.64611  56.24487   0.67344   0.30889  62.31955  56.55376  0.000052  0.000018 -0.324184 -0.226594
    0.3605    16      49.84982  36.92043   0.07534   0.09253  49.92515  37.01295  0.000006  0.000001 -0.157406 -0.074931
    0.4566    17      26.59966  19.88985   0.74511   1.87546  27.34477  21.76531  0.000000  0.000000 -0.035130 -0.016077
    0.5527    18      16.22476  14.53240   3.25323   4.65422  19.47799  19.18662  0.000000  0.000000 -0.007182 -0.003155
    0.6489    19      13.82887  13.43128   5.90412   6.89300  19.73300  20.32428  0.000000  0.000000 -0.001370 -0.000590
    0.7450    20      12.96146  11.34239   7.57103   8.01455  20.53250  19.35694  0.000000  0.000000 -0.000252 -0.000046
    0.9372    21       9.04362   6.65950   7.50914   6.46522  16.55276  13.12472  0.000000  0.000000 -0.000008 -0.000001
    1.1295    22       4.60506   3.03055   5.23103   4.03482   9.83608   7.06537  0.000000  0.000000 -0.000000 -0.000000
    1.3218    23       1.91693   1.17399   2.99566   2.15550   4.91259   3.32949  0.000000  0.000000 -0.000000 -0.000000
    1.5140    24       0.69994   0.23317   1.51063   0.69541   2.21057   0.92858  0.000000  0.000000 -0.000000 -0.000000
    1.8985    25       0.07256   0.02142   0.29861   0.12132   0.37117   0.14274  0.000000  0.000000 -0.000000 -0.000000
    2.2830    26       0.00606   0.00165   0.04710   0.01761   0.05316   0.01926  0.000000  0.000000 -0.000000 -0.000000
    2.6675    27       0.00043   0.00011   0.00637   0.00224   0.00681   0.00236  0.000000  0.000000 -0.000000 -0.000000
    3.0520    28       0.00003   0.00000   0.00077   0.00009   0.00080   0.00009  0.000000  0.000000  0.000000  0.000000
    3.8211    29       0.00000   0.00000   0.00001   0.00000   0.00001   0.00000  0.000000  0.000000  0.000000  0.000000
    4.5901    30       0.00000   0.00000   0.00000   0.00000   0.00000   0.00000  0.000000  0.000000  0.000000  0.000000
    5.3591    31       0.00000   0.00000   0.00000   0.00000   0.00000   0.00000  0.000000  0.000000  0.000000  0.000000
    6.1281    32       0.00000   0.00000   0.00000   0.00000   0.00000   0.00000  0.000000  0.000000  0.000000  0.000000
    7.6662    33       0.00000   0.00000   0.00000   0.00000   0.00000   0.00000  0.000000  0.000000  0.000000  0.000000
    9.2042    34       0.00000   0.00000   0.00000   0.00000   0.00000   0.00000  0.000000  0.000000  0.000000  0.000000
   10.7422    35       0.00000   0.00000   0.00000   0.00000   0.00000   0.00000  0.000000  0.000000  0.000000  0.000000
   12.2803    36       0.00000   0.00000   0.00000   0.00000   0.00000   0.00000  0.000000  0.000000  0.000000  0.000000
1Sn9+   4p54d6         nconf=  2      z= 50     ion= 9     kut=-1      exf=0.650     corrf=1.000   ca1=0.700   ca0=0.500



                           pnl( 2p)            pnl( 3s)            pnl( 3p)            pnl( 3d)            pnl( 4s) 
    r (a0)    nc          1         6         1         6         1         6         1         6         1         6


    0.0000     0      0.000000  0.030076  0.000000  0.307189  0.000000  0.013856  0.000000  0.000104  0.000000  0.139479
    0.0060     1      0.108213  0.221941  0.495482  0.605082  0.049795  0.101959  0.000774  0.002462  0.224860  0.274384
    0.0120     2      0.361690  0.519730  0.654153  0.655935  0.165797  0.237594  0.005516  0.010207  0.296301  0.296632
    0.0180     3      0.689751  0.866592  0.620890  0.557552  0.314279  0.393313  0.016732  0.025233  0.280151  0.250757
    0.0240     4      1.046045  1.399815  0.472972  0.262577  0.472602  0.625393  0.035801  0.063299  0.211680  0.114816
    0.0360     5      1.731209  2.028125  0.025821 -0.212698  0.762487  0.877540  0.099229  0.143198  0.006200 -0.102777
    0.0481     6      2.283970  2.496029 -0.436101 -0.633608  0.967003  1.029370  0.194543  0.252432 -0.204233 -0.293167
    0.0601     7      2.664261  2.790421 -0.798898 -0.928849  1.064602  1.073688  0.315940  0.384103 -0.366622 -0.423142
    0.0721     8      2.877405  2.948451 -1.022637 -1.106030  1.058311  0.962955  0.455957  0.607050 -0.462361 -0.491064
    0.0961     9      2.908551  2.788103 -1.066534 -0.929119  0.797865  0.582843  0.762395  0.916231 -0.461386 -0.385740
    0.1202    10      2.613662  2.406907 -0.720076 -0.463813  0.336076  0.073187  1.063951  1.202056 -0.277311 -0.148465
    0.1442    11      2.184650  1.959350 -0.181368  0.110071 -0.193027 -0.452609  1.328044  1.440273 -0.009971  0.129264
    0.1682    12      1.739804  1.339121  0.397096  0.921045 -0.698129 -1.127863  1.537817  1.687920  0.262275  0.490321
    0.2163    13      1.005442  0.741065  1.343492  1.649642 -1.460338 -1.692837  1.780418  1.821551  0.649663  0.733249
    0.2644    14      0.538604  0.387281  1.843965  1.940875 -1.833641 -1.896330  1.819453  1.782683  0.744944  0.694560
    0.3124    15      0.276182  0.195700  1.958654  1.915864 -1.896153 -1.847912  1.719368  1.636762  0.594466  0.457452
    0.3605    16      0.137986  0.067845  1.829427  1.580648 -1.764867 -1.537357  1.541073  1.330008  0.295499 -0.062654
    0.4566    17      0.032918  0.015623  1.296287  1.024335 -1.279740 -1.030892  1.115953  0.916314 -0.415331 -0.724435
    0.5527    18      0.007258  0.003322  0.787491  0.592911 -0.810274 -0.624997  0.739763  0.589271 -0.970994 -1.149779
    0.6489    19      0.001504  0.000676  0.439295  0.321450 -0.475095 -0.357046  0.464393  0.362845 -1.264130 -1.322035
    0.7450    20      0.000302  0.000059  0.232957  0.119865 -0.265940 -0.144704  0.281543  0.166860 -1.333439 -1.256709
    0.9372    21      0.000012  0.000002  0.060631  0.030368 -0.077425 -0.041026  0.097424  0.056310 -1.103841 -0.923998
    1.1295    22      0.000000  0.000000  0.014991  0.007222 -0.021558 -0.011125  0.032300  0.018374 -0.746874 -0.587854
    1.3218    23      0.000000  0.000000  0.003415  0.001593 -0.005630 -0.002810  0.010317  0.005727 -0.453084 -0.343315
    1.5140    24      0.000000  0.000000  0.000736  0.000154 -0.001387 -0.000331  0.003152  0.000938 -0.256487 -0.138340
    1.8985    25      0.000000  0.000000  0.000031  0.000006 -0.000077 -0.000018  0.000274  0.000079 -0.071973 -0.036401
    2.2830    26      0.000000  0.000000  0.000001  0.000000 -0.000004 -0.000001  0.000023  0.000006 -0.017978 -0.008671
    2.6675    27      0.000000  0.000000  0.000000  0.000000 -0.000000 -0.000000  0.000002  0.000001 -0.004094 -0.001904
    3.0520    28      0.000000  0.000000  0.000000  0.000000 -0.000000 -0.000000  0.000000  0.000000 -0.000875 -0.000180
    3.8211    29      0.000000  0.000000  0.000000  0.000000 -0.000000 -0.000000  0.000000  0.000000 -0.000036 -0.000007
    4.5901    30      0.000000  0.000000  0.000000  0.000000 -0.000000 -0.000000  0.000000  0.000000 -0.000001 -0.000000
    5.3591    31      0.000000  0.000000  0.000000  0.000000 -0.000000 -0.000000  0.000000  0.000000 -0.000000 -0.000000
    6.1281    32      0.000000  0.000000  0.000000  0.000000  0.000000  0.000000  0.000000  0.000000 -0.000000 -0.000000
    7.6662    33      0.000000  0.000000  0.000000  0.000000  0.000000  0.000000  0.000000  0.000000 -0.000000 -0.000000
    9.2042    34      0.000000  0.000000  0.000000  0.000000  0.000000  0.000000  0.000000  0.000000 -0.000000 -0.000000
   10.7422    35      0.000000  0.000000  0.000000  0.000000  0.000000  0.000000  0.000000  0.000000 -0.000000 -0.000000
   12.2803    36      0.000000  0.000000  0.000000  0.000000  0.000000  0.000000  0.000000  0.000000  0.000000  0.000000
1Sn9+   4p54d6         nconf=  2      z= 50     ion= 9     kut=-1      exf=0.650     corrf=1.000   ca1=0.700   ca0=0.500



                           pnl( 4p)            pnl( 4d) 
    r (a0)    nc          1         6         1         6         1         6         1         6         1         6


    0.0000     0      0.000000  0.006158  0.000000  0.000045
    0.0060     1      0.022125  0.045287  0.000337  0.001071
    0.0120     2      0.073611  0.105430  0.002400  0.004440
    0.0180     3      0.139368  0.174282  0.007276  0.010969
    0.0240     4      0.209228  0.276256  0.015556  0.027477
    0.0360     5      0.335858  0.385159  0.043021  0.061993
    0.0481     6      0.422557  0.447382  0.084076  0.108878
    0.0601     7      0.459641  0.459822  0.135962  0.164875
    0.0721     8      0.448739  0.397018  0.195160  0.258100
    0.0961     9      0.313833  0.208842  0.321537  0.382712
    0.1202    10      0.090989 -0.031954  0.439403  0.489915
    0.1442    11     -0.153577 -0.268875  0.533034  0.567965
    0.1682    12     -0.374070 -0.544434  0.594272  0.620677
    0.2163    13     -0.653735 -0.701259  0.613618  0.576702
    0.2644    14     -0.692424 -0.635803  0.514631  0.432438
    0.3124    15     -0.541145 -0.418144  0.335023  0.226894
    0.3605    16     -0.275749  0.036911  0.112054 -0.124181
    0.4566    17      0.347867  0.627213 -0.352399 -0.559085
    0.5527    18      0.858680  1.036254 -0.736346 -0.880740
    0.6489    19      1.160684  1.236738 -0.991978 -1.071836
    0.7450    20      1.271204  1.245067 -1.123316 -1.155750
    0.9372    21      1.137406  0.990788 -1.118715 -1.038045
    1.1295    22      0.833756  0.683400 -0.933723 -0.820043
    1.3218    23      0.548650  0.433100 -0.706595 -0.599375
    1.5140    24      0.337121  0.197425 -0.501769 -0.340443
    1.8985    25      0.111535  0.061267 -0.223089 -0.142197
    2.2830    26      0.032898  0.017326 -0.088604 -0.054173
    2.6675    27      0.008960  0.004558 -0.032593 -0.019339
    3.0520    28      0.002288  0.000560 -0.011337 -0.003779
    3.8211    29      0.000133  0.000031 -0.001218 -0.000382
    4.5901    30      0.000007  0.000002 -0.000117 -0.000035
    5.3591    31      0.000000  0.000000 -0.000010 -0.000003
    6.1281    32      0.000000  0.000000 -0.000001 -0.000000
    7.6662    33      0.000000  0.000000 -0.000000 -0.000000
    9.2042    34      0.000000  0.000000 -0.000000 -0.000000
   10.7422    35      0.000000  0.000000 -0.000000 -0.000000
   12.2803    36      0.000000  0.000000  0.000000  0.000000
1Sn9+   4p54d6         nconf=  2      z= 50     ion= 9     kut=-1      exf=0.650     corrf=1.000   ca1=0.700   ca0=0.500






  nl   wnl         ee          az      (r-3)      (r-2)      (r-1)      (r+1)      (r+2)      (r+3)      (r+4)      (r+6)

  1s    2.   -2170.15098   1006.018  0.000E+00  6.062E+03  5.299E+01  2.909E-02  1.145E-03  5.694E-05  3.424E-06  1.963E-08
  2s    2.    -345.37830    340.264  0.000E+00  6.768E+02  1.212E+01  1.254E-01  1.855E-02  3.122E-03  5.920E-04  2.954E-05
  2p    6.    -311.36102   4069.831  4.496E+03  1.834E+02  1.159E+01  1.099E-01  1.473E-02  2.337E-03  4.300E-04  2.129E-05
  3s    2.     -79.47351    150.249  0.000E+00  1.337E+02  4.330E+00  3.371E-01  1.299E-01  5.517E-02  2.564E-02  7.165E-03
  3p    6.     -67.98883   1876.173  8.333E+02  3.609E+01  4.103E+00  3.357E-01  1.306E-01  5.660E-02  2.710E-02  8.236E-03
  3d   10.     -50.20589   4325.176  1.198E+02  1.883E+01  3.878E+00  3.126E-01  1.156E-01  4.968E-02  2.441E-02  8.405E-03
  4s    2.     -22.94716     68.241  0.000E+00  2.821E+01  1.741E+00  7.922E-01  7.053E-01  6.837E-01  7.161E-01  9.804E-01
  4p    5.     -19.21607    833.910  1.606E+02  7.557E+00  1.610E+00  8.385E-01  7.947E-01  8.241E-01  9.274E-01  1.484E+00
  4d    6.     -13.54374   1882.970  1.902E+01  3.510E+00  1.395E+00  9.354E-01  1.003E+00  1.193E+00  1.559E+00  3.467E+00

       41.                                      1.537E+04  2.917E+02  1.817E+01  1.373E+01  1.361E+01  1.588E+01  3.033E+01

        1.                                      3.748E+02  7.116E+00  4.432E-01  3.348E-01  3.320E-01  3.874E-01  7.398E-01



            --------------------zeta---------------------
  nl   wnl    ----blume-watson----     -----(r*vi)-----     i (ryd)      eps s       evel       edar   evel+edar    erel
                 (ryd)      (cm-1)     (ryd)      (cm-1)
  1s    2.      0.00000       0.000   0.00000       0.000-2585.19216 -2160.31969 -528.29363  440.09957  -88.194 -2248.51375
  2s    2.      0.00000       0.000   0.00000       0.000 -646.68052  -341.96499  -72.97812   48.92106  -24.057  -366.02205
  2p    6.     11.22474 1231772.636  11.52449 1264666.292 -630.19298  -310.18548   -9.42656    0.00162   -9.427  -319.61204
  3s    2.      0.00000       0.000   0.00000       0.000 -270.09013   -77.95086  -14.84831    9.50020   -5.348   -83.29898
  3p    6.      2.07790  228023.199   2.12843  233568.254 -261.24587   -67.35064   -2.28986    0.00176   -2.290   -69.64050
  3d   10.      0.24349   26719.432   0.25977   28505.972 -251.84553   -50.85504   -0.53344   -0.01433   -0.533   -51.38849
  4s    2.      0.00000       0.000   0.00000       0.000 -128.99697   -22.75522   -3.10128    1.95799   -1.143   -23.89851
  4p    5.      0.40007   43902.890   0.40924   44908.721 -121.52993   -19.28597   -0.47087    0.00047   -0.471   -19.75684
  4d    6.      0.03844    4218.767   0.04073    4469.674 -108.41015   -13.98654   -0.10130   -0.00213   -0.101   -14.08784
1Sn9+   4p54d6         nconf=  2      z= 50     ion= 9     kut=-1      exf=0.650     corrf=1.000   ca1=0.700   ca0=0.500





0               without correlation                with correlation
              -----------------------           -----------------------
  nl   wnl       eps fg      eps fgr    corr       eps fg      eps fgr     n*r     n*rc     ect     ec-----------------

  1s    2.   -2170.06845  -2170.06845-0.08293  -2170.15139  -2170.15139  0.2147  0.2147  -0.08271   0.00000-0.0827
  2s    2.    -345.29590   -345.29590-0.08240   -345.37829   -345.37829  0.5382  0.5381  -0.23237  -0.06851-0.0811
  2p    6.    -311.27880   -311.27880-0.08248   -311.36128   -311.36128  0.5668  0.5667  -0.72473  -0.08179-0.0819-0.0821-0.0822
  3s    2.     -79.39213    -79.39213-0.08127    -79.47340    -79.47340  1.1223  1.1217  -0.87187  -0.06872-0.0784
  3p    6.     -67.90760    -67.90760-0.08128    -67.98888    -67.98888  1.2135  1.2128  -1.35153  -0.07920-0.0796-0.0799-0.0804
  3d   10.     -50.12447    -50.12447-0.08141    -50.20587    -50.20587  1.4125  1.4113  -2.16117  -0.08068-0.0808-0.0808-0.0812
  4s    2.     -22.86849    -22.86849-0.07837    -22.94686    -22.94686  2.0911  2.0876  -2.30211  -0.06693-0.0740
  4p    5.     -19.13819    -19.13819-0.07796    -19.21616    -19.21616  2.2859  2.2812  -2.68079  -0.07438-0.0753-0.0759-0.0767
  4d    6.     -13.46679    -13.46679-0.07686    -13.54365    -13.54365  2.7250  2.7173  -3.13827  -0.07544-0.0759-0.0762-0.0769

0                           ecorrt=  -3.29754 (old)              ect=  -3.13827 (new)     etotrl=      0.00000 +  0.00000 +  0.00000

      etot= -12287.61161 -12287.61161         -12290.90915 -12290.90915 -12290.74988 -12290.74988 -12290.74988


 Sn9+   4p54d6          8 -12290.7499 0  109.3067 1   73.4378 1   43.9029 2    4.2188 2
   115.2421 3  146.3915 4   91.7426 4


0    t(run)=  0.04,     t(job)=   0.07 seconds
1
   Sn9+   4d44f1           nconf=  3    z= 50    ncores= 9    nvales= 1    ion= 9    r(i)/x(i)=0.24031862      ca1=0.700

 tolstb=1.000   tolk-2=0.20000   tolend= 0.5E-07   thresh= 0.1E-10   kut=-1    exf=0.650   corrf=1.000      ca0= 0.500

0rcn mod 36  ihf1= 2        mesh= 641   idb= 641   rdb=1574.928   emx=   0.00   r(mesh)=1574.928     irel= 1     ib= 641
0hfr      energy = e(av)


0    t(run)=  0.03,     t(job)=   0.10 seconds
1Sn9+   4d44f1         nconf=  3      z= 50     ion= 9     kut=-1      exf=0.650     corrf=1.000   ca1=0.700   ca0=0.500



                           rscore(i)           rsvale(i)           rsatom(i)           pnl( 1s)            pnl( 2s) 
    r (a0)    nc          1         6         1         6         1         6         1         6         1         6


    0.0000     0       0.00000   9.85574   0.00000   0.00000   0.00000   9.85574  0.000000  2.079671  0.000000  0.696695
    0.0060     1      26.59297  41.99666   0.00000   0.00000  26.59297  41.99666  3.418598  4.296990  1.126477  1.380819
    0.0120     2      53.36877  60.37120   0.00000   0.00000  53.36877  60.37120  4.839762  5.133455  1.500911  1.516503
    0.0180     3      63.67424  64.28117   0.00000   0.00000  63.67424  64.28117  5.242408  5.215673  1.450868  1.322773
    0.0240     4      63.19522  59.16215   0.00000   0.00000  63.19522  59.16215  5.091026  4.658012  1.147548  0.703887
    0.0360     5      56.04532  55.61139   0.00000   0.00000  56.04532  55.61139  4.104969  3.525729  0.196153 -0.325010
    0.0481     6      57.90489  62.13608   0.00000   0.00001  57.90489  62.13609  2.972165  2.470326 -0.826140 -1.285909
    0.0601     7      67.27940  72.40199   0.00001   0.00002  67.27941  72.40201  2.030680  1.654619 -1.692416 -2.040057
    0.0721     8      76.80640  81.97893   0.00004   0.00011  76.80644  81.97904  1.338554  0.861394 -2.327566 -2.730667
    0.0961     9      81.92449  77.92817   0.00025   0.00051  81.92474  77.92868  0.545033  0.340640 -2.933135 -2.977018
    0.1202    10      71.97851  65.87997   0.00094   0.00161  71.97945  65.88158  0.210950  0.129721 -2.904158 -2.751337
    0.1442    11      60.87512  57.59127   0.00260   0.00398  60.87772  57.59525  0.079309  0.048205 -2.548600 -2.319220
    0.1682    12      56.14856  57.69458   0.00584   0.01132  56.15440  57.70590  0.029099  0.010429 -2.080411 -1.619040
    0.2163    13      62.13864  66.15334   0.01966   0.03136  62.15830  66.18471  0.003677  0.001282 -1.218641 -0.895342
    0.2644    14      67.76467  66.39217   0.04680   0.06619  67.81148  66.45837  0.000443  0.000152 -0.646092 -0.459937
    0.3124    15      62.40202  56.61640   0.08959   0.11691  62.49161  56.73330  0.000052  0.000018 -0.324036 -0.226472
    0.3605    16      49.95003  36.94786   0.14793   0.21969  50.09796  37.16756  0.000006  0.000001 -0.157308 -0.074869
    0.4566    17      27.19885  21.54500   0.30127   0.38826  27.50012  21.93326  0.000000  0.000000 -0.035089 -0.016050
    0.5527    18      19.17254  18.77310   0.47610   0.56061  19.64864  19.33371  0.000000  0.000000 -0.007165 -0.003146
    0.6489    19      19.18780  19.63276   0.63833   0.70666  19.82612  20.33942  0.000000  0.000000 -0.001365 -0.000587
    0.7450    20      19.69378  18.27421   0.76393   0.84238  20.45771  19.11659  0.000000  0.000000 -0.000251 -0.000045
    0.9372    21      15.34691  11.92675   0.87369   0.86408  16.22060  12.79083  0.000000  0.000000 -0.000008 -0.000001
    1.1295    22       8.74617   6.13972   0.82246   0.75829   9.56863   6.89801  0.000000  0.000000 -0.000000 -0.000000
    1.3218    23       4.16851   2.75758   0.68032   0.59600   4.84883   3.35358  0.000000  0.000000 -0.000000 -0.000000
    1.5140    24       1.78703   0.71613   0.51118   0.35574   2.29821   1.07187  0.000000  0.000000 -0.000000 -0.000000
    1.8985    25       0.27406   0.10139   0.23232   0.14376   0.50638   0.24515  0.000000  0.000000 -0.000000 -0.000000
    2.2830    26       0.03652   0.01286   0.08493   0.04821   0.12146   0.06107  0.000000  0.000000 -0.000000 -0.000000
    2.6675    27       0.00444   0.00150   0.02642   0.01404   0.03086   0.01554  0.000000  0.000000 -0.000000 -0.000000
    3.0520    28       0.00050   0.00005   0.00726   0.00181   0.00776   0.00186  0.000000  0.000000  0.000000  0.000000
    3.8211    29       0.00001   0.00000   0.00042   0.00009   0.00042   0.00009  0.000000  0.000000  0.000000  0.000000
    4.5901    30       0.00000   0.00000   0.00002   0.00000   0.00002   0.00000  0.000000  0.000000  0.000000  0.000000
    5.3591    31       0.00000   0.00000   0.00000   0.00000   0.00000   0.00000  0.000000  0.000000  0.000000  0.000000
    6.1281    32       0.00000   0.00000   0.00000   0.00000   0.00000   0.00000  0.000000  0.000000  0.000000  0.000000
    7.6662    33       0.00000   0.00000   0.00000   0.00000   0.00000   0.00000  0.000000  0.000000  0.000000  0.000000
    9.2042    34       0.00000   0.00000   0.00000   0.00000   0.00000   0.00000  0.000000  0.000000  0.000000  0.000000
   10.7422    35       0.00000   0.00000   0.00000   0.00000   0.00000   0.00000  0.000000  0.000000  0.000000  0.000000
   12.2803    36       0.00000   0.00000   0.00000   0.00000   0.00000   0.00000  0.000000  0.000000  0.000000  0.000000
   15.3564    37       0.00000   0.00000   0.00000   0.00000   0.00000   0.00000  0.000000  0.000000  0.000000  0.000000
   18.4324    38       0.00000   0.00000   0.00000   0.00000   0.00000   0.00000  0.000000  0.000000  0.000000  0.000000
   21.5085    39       0.00000   0.00000   0.00000   0.00000   0.00000   0.00000  0.000000  0.000000  0.000000  0.000000
   24.5846    40       0.00000   0.00000   0.00000   0.00000   0.00000   0.00000  0.000000  0.000000  0.000000  0.000000
1Sn9+   4d44f1         nconf=  3      z= 50     ion= 9     kut=-1      exf=0.650     corrf=1.000   ca1=0.700   ca0=0.500



                           pnl( 2p)            pnl( 3s)            pnl( 3p)            pnl( 3d)            pnl( 4s) 
    r (a0)    nc          1         6         1         6         1         6         1         6         1         6


    0.0000     0      0.000000  0.030077  0.000000  0.307433  0.000000  0.013873  0.000000  0.000104  0.000000  0.139756
    0.0060     1      0.108218  0.221950  0.495877  0.605563  0.049856  0.102082  0.000775  0.002463  0.225307  0.274930
    0.0120     2      0.361705  0.519753  0.654675  0.656458  0.165997  0.237880  0.005519  0.010211  0.296890  0.297223
    0.0180     3      0.689782  0.866632  0.621386  0.557998  0.314657  0.393786  0.016740  0.025244  0.280710  0.251257
    0.0240     4      1.046095  1.399885  0.473352  0.262791  0.473169  0.626140  0.035817  0.063327  0.212104  0.115049
    0.0360     5      1.731301  2.028239  0.025849 -0.212858  0.763393  0.878573  0.099275  0.143265  0.006219 -0.102973
    0.0481     6      2.284107  2.496187 -0.436435 -0.634096  0.968130  1.030554  0.194635  0.252552 -0.204629 -0.293737
    0.0601     7      2.664439  2.790614 -0.799511 -0.929556  1.065805  1.074872  0.316093  0.384291 -0.367335 -0.423963
    0.0721     8      2.877610  2.948665 -1.023406 -1.106827  1.059443  0.963887  0.456183  0.607356 -0.463253 -0.491994
    0.0961     9      2.908753  2.788269 -1.067243 -0.929644  0.798497  0.583105  0.762784  0.916700 -0.462231 -0.386400
    0.1202    10      2.613774  2.406951 -0.720351 -0.463797  0.335930  0.072625  1.064492  1.202656 -0.277718 -0.148579
    0.1442    11      2.184621  1.959246 -0.181050  0.110681 -0.193988 -0.453930  1.328687  1.440940 -0.009779  0.129751
    0.1682    12      1.739630  1.338837  0.397970  0.922307 -0.699757 -1.129908  1.538487  1.688538  0.263029  0.491476
    0.2163    13      1.005094  0.740700  1.344924  1.651032 -1.462525 -1.694916  1.780916  1.821882  0.651003  0.734558
    0.2644    14      0.538255  0.386971  1.845148  1.941739 -1.835418 -1.897677  1.819593  1.782632  0.746036  0.695296
    0.3124    15      0.275921  0.195491  1.959148  1.915980 -1.897002 -1.848246  1.719143  1.636391  0.594755  0.457249
    0.3605    16      0.137826  0.067765  1.829190  1.579865 -1.764708 -1.536373  1.540590  1.329414  0.294795 -0.064280
    0.4566    17      0.032888  0.015615  1.295203  1.023165 -1.278203 -1.029066  1.115379  0.915852 -0.417656 -0.727194
    0.5527    18      0.007258  0.003323  0.786383  0.591948 -0.808365 -0.623144  0.739459  0.589139 -0.973920 -1.152634
    0.6489    19      0.001506  0.000677  0.438507  0.320835 -0.473380 -0.355508  0.464418  0.362998 -1.266711 -1.324187
    0.7450    20      0.000302  0.000060  0.232495  0.119629 -0.264588 -0.143698  0.281794  0.167214 -1.335047 -1.257059
    0.9372    21      0.000012  0.000002  0.060525  0.030326 -0.076696 -0.040506  0.097793  0.056647 -1.102940 -0.922058
    1.1295    22      0.000000  0.000000  0.014975  0.007214 -0.021197 -0.010893  0.032582  0.018590 -0.744212 -0.584804
    1.3218    23      0.000000  0.000000  0.003410  0.001590 -0.005495 -0.002734  0.010464  0.005818 -0.449941 -0.340299
    1.5140    24      0.000000  0.000000  0.000734  0.000153 -0.001347 -0.000320  0.003206  0.000954 -0.253744 -0.136319
    1.8985    25      0.000000  0.000000  0.000031  0.000006 -0.000075 -0.000017  0.000279  0.000080 -0.070640 -0.035587
    2.2830    26      0.000000  0.000000  0.000001  0.000000 -0.000004 -0.000001  0.000023  0.000007 -0.017507 -0.008408
    2.6675    27      0.000000  0.000000  0.000000  0.000000 -0.000000 -0.000000  0.000002  0.000001 -0.003953 -0.001830
    3.0520    28      0.000000  0.000000  0.000000  0.000000 -0.000000 -0.000000  0.000000  0.000000 -0.000837 -0.000170
    3.8211    29      0.000000  0.000000  0.000000  0.000000 -0.000000 -0.000000  0.000000  0.000000 -0.000034 -0.000007
    4.5901    30      0.000000  0.000000  0.000000  0.000000 -0.000000 -0.000000  0.000000  0.000000 -0.000001 -0.000000
    5.3591    31      0.000000  0.000000  0.000000  0.000000 -0.000000 -0.000000  0.000000  0.000000 -0.000000 -0.000000
    6.1281    32      0.000000  0.000000  0.000000  0.000000  0.000000  0.000000  0.000000  0.000000 -0.000000 -0.000000
    7.6662    33      0.000000  0.000000  0.000000  0.000000  0.000000  0.000000  0.000000  0.000000 -0.000000 -0.000000
    9.2042    34      0.000000  0.000000  0.000000  0.000000  0.000000  0.000000  0.000000  0.000000 -0.000000 -0.000000
   10.7422    35      0.000000  0.000000  0.000000  0.000000  0.000000  0.000000  0.000000  0.000000 -0.000000 -0.000000
   12.2803    36      0.000000  0.000000  0.000000  0.000000  0.000000  0.000000  0.000000  0.000000  0.000000  0.000000
   15.3564    37      0.000000  0.000000  0.000000  0.000000  0.000000  0.000000  0.000000  0.000000  0.000000  0.000000
   18.4324    38      0.000000  0.000000  0.000000  0.000000  0.000000  0.000000  0.000000  0.000000  0.000000  0.000000
   21.5085    39      0.000000  0.000000  0.000000  0.000000  0.000000  0.000000  0.000000  0.000000  0.000000  0.000000
   24.5846    40      0.000000  0.000000  0.000000  0.000000  0.000000  0.000000  0.000000  0.000000  0.000000  0.000000
1Sn9+   4d44f1         nconf=  3      z= 50     ion= 9     kut=-1      exf=0.650     corrf=1.000   ca1=0.700   ca0=0.500



                           pnl( 4p)            pnl( 4d)            pnl( 4f) 
    r (a0)    nc          1         6         1         6         1         6         1         6         1         6


    0.0000     0      0.000000  0.006165  0.000000  0.000045  0.000000  0.000000
    0.0060     1      0.022151  0.045341  0.000339  0.001077  0.000001  0.000003
    0.0120     2      0.073697  0.105554  0.002413  0.004463  0.000010  0.000023
    0.0180     3      0.139532  0.174486  0.007314  0.011026  0.000046  0.000083
    0.0240     4      0.209472  0.276577  0.015638  0.027621  0.000136  0.000309
    0.0360     5      0.336244  0.385597  0.043247  0.062319  0.000596  0.001030
    0.0481     6      0.423029  0.447870  0.084518  0.109450  0.001642  0.002461
    0.0601     7      0.460129  0.460292  0.136677  0.165742  0.003512  0.004821
    0.0721     8      0.449174  0.397339  0.196186  0.259456  0.006407  0.010482
    0.0961     9      0.313995  0.208814  0.323223  0.384711  0.015847  0.022567
    0.1202    10      0.090759 -0.032385  0.441685  0.492440  0.030669  0.040148
    0.1442    11     -0.154192 -0.269646  0.535752  0.570824  0.050971  0.063083
    0.1682    12     -0.374963 -0.545446  0.597217  0.623627  0.076414  0.106403
    0.2163    13     -0.654696 -0.702017  0.616369  0.579084  0.140215  0.177101
    0.2644    14     -0.692858 -0.635836  0.516511  0.433723  0.216343  0.257279
    0.3124    15     -0.540734 -0.417281  0.335655  0.226846  0.299313  0.341915
    0.3605    16     -0.274452  0.038950  0.111323 -0.126211  0.384616  0.468713
    0.4566    17      0.350411  0.630012 -0.355554 -0.563130  0.548880  0.623103
    0.5527    18      0.861506  1.038919 -0.741014 -0.885758  0.690000  0.748739
    0.6489    19      1.163045  1.238695 -0.997080 -1.076773  0.798953  0.840633
    0.7450    20      1.272695  1.245556 -1.127868 -1.159011  0.874032  0.917813
    0.9372    21      1.136946  0.989542 -1.120248 -1.037719  0.934715  0.929557
    1.1295    22      0.831943  0.681250 -0.931656 -0.816524  0.906894  0.870797
    1.3218    23      0.546369  0.430853 -0.701997 -0.594090  0.824818  0.772010
    1.5140    24      0.335026  0.195805 -0.496157 -0.335008  0.714967  0.596437
    1.8985    25      0.110417  0.060557 -0.218478 -0.138617  0.481991  0.379153
    2.2830    26      0.032474  0.017087 -0.085997 -0.052363  0.291435  0.219561
    2.6675    27      0.008832  0.004493 -0.031380 -0.018549  0.162539  0.118486
    3.0520    28      0.002257  0.000553 -0.010830 -0.003575  0.085204  0.042541
    3.8211    29      0.000131  0.000030 -0.001140 -0.000354  0.020424  0.009496
    4.5901    30      0.000007  0.000002 -0.000107 -0.000032  0.004298  0.001902
    5.3591    31      0.000000  0.000000 -0.000009 -0.000003  0.000825  0.000352
    6.1281    32      0.000000  0.000000 -0.000001 -0.000000  0.000148  0.000025
    7.6662    33      0.000000  0.000000 -0.000000 -0.000000  0.000004  0.000001
    9.2042    34      0.000000  0.000000 -0.000000 -0.000000  0.000000  0.000000
   10.7422    35      0.000000  0.000000 -0.000000 -0.000000  0.000000  0.000000
   12.2803    36      0.000000  0.000000  0.000000  0.000000  0.000000  0.000000
   15.3564    37      0.000000  0.000000  0.000000  0.000000  0.000000  0.000000
   18.4324    38      0.000000  0.000000  0.000000  0.000000  0.000000  0.000000
   21.5085    39      0.000000  0.000000  0.000000  0.000000  0.000000  0.000000
   24.5846    40      0.000000  0.000000  0.000000  0.000000  0.000000  0.000000
1Sn9+   4d44f1         nconf=  3      z= 50     ion= 9     kut=-1      exf=0.650     corrf=1.000   ca1=0.700   ca0=0.500






  nl   wnl         ee          az      (r-3)      (r-2)      (r-1)      (r+1)      (r+2)      (r+3)      (r+4)      (r+6)

  1s    2.   -2170.33574   1006.001  0.000E+00  6.062E+03  5.299E+01  2.909E-02  1.145E-03  5.695E-05  3.425E-06  1.963E-08
  2s    2.    -345.65948    340.279  0.000E+00  6.769E+02  1.212E+01  1.254E-01  1.854E-02  3.121E-03  5.918E-04  2.952E-05
  2p    6.    -311.64035   4069.999  4.497E+03  1.834E+02  1.159E+01  1.099E-01  1.472E-02  2.336E-03  4.297E-04  2.127E-05
  3s    2.     -79.64672    150.368  0.000E+00  1.339E+02  4.333E+00  3.370E-01  1.297E-01  5.509E-02  2.559E-02  7.146E-03
  3p    6.     -68.17379   1878.438  8.352E+02  3.617E+01  4.108E+00  3.354E-01  1.303E-01  5.642E-02  2.698E-02  8.172E-03
  3d   10.     -50.37115   4327.096  1.199E+02  1.884E+01  3.879E+00  3.126E-01  1.156E-01  4.968E-02  2.442E-02  8.428E-03
  4s    2.     -23.14677     68.376  0.000E+00  2.832E+01  1.744E+00  7.908E-01  7.027E-01  6.797E-01  7.101E-01  9.665E-01
  4p    6.     -19.21322    834.895  1.610E+02  7.573E+00  1.612E+00  8.374E-01  7.924E-01  8.203E-01  9.215E-01  1.469E+00
  4d    4.     -13.73044   1892.835  1.920E+01  3.538E+00  1.401E+00  9.315E-01  9.942E-01  1.176E+00  1.529E+00  3.362E+00
  4f    1.      -8.01452    595.432  2.155E+00  1.304E+00  1.023E+00  1.178E+00  1.626E+00  2.575E+00  4.589E+00  1.973E+01

       41.                                      1.537E+04  2.917E+02  1.829E+01  1.409E+01  1.453E+01  1.812E+01  4.407E+01

        1.                                      3.748E+02  7.114E+00  4.461E-01  3.436E-01  3.543E-01  4.419E-01  1.075E+00



            --------------------zeta---------------------
  nl   wnl    ----blume-watson----     -----(r*vi)-----     i (ryd)      eps s       evel       edar   evel+edar    erel
                 (ryd)      (cm-1)     (ryd)      (cm-1)
  1s    2.      0.00000       0.000   0.00000       0.000-2585.19055 -2160.49886 -528.27306  440.08278  -88.190 -2248.68913
  2s    2.      0.00000       0.000   0.00000       0.000 -646.68470  -342.25257  -72.98371   48.92552  -24.058  -366.31077
  2p    6.     11.22553 1231859.789  11.52552 1264779.478 -630.20346  -310.47134   -9.42761    0.00170   -9.428  -319.89895
  3s    2.      0.00000       0.000   0.00000       0.000 -270.15409   -78.10861  -14.87211    9.51531   -5.357   -83.46541
  3p    6.      2.08277  228557.875   2.13340  234113.896 -261.36123   -67.51133   -2.29568    0.00175   -2.296   -69.80701
  3d   10.      0.24373   26746.388   0.25998   28529.894 -251.87184   -51.03571   -0.53396   -0.01432   -0.534   -51.56967
  4s    2.      0.00000       0.000   0.00000       0.000 -129.13968   -22.85604   -3.11366    1.96577   -1.148   -24.00393
  4p    6.      0.40097   44001.442   0.41015   45008.950 -121.64047   -19.38286   -0.47209    0.00045   -0.472   -19.85495
  4d    4.      0.03883    4261.575   0.04114    4514.902 -108.73155   -14.08300   -0.10238   -0.00215   -0.102   -14.18538
  4f    1.      0.00228     250.409   0.00270     296.741  -85.00576    -8.39919   -0.00947   -0.00039   -0.009    -8.40866
1Sn9+   4d44f1         nconf=  3      z= 50     ion= 9     kut=-1      exf=0.650     corrf=1.000   ca1=0.700   ca0=0.500





0               without correlation                with correlation
              -----------------------           -----------------------
  nl   wnl       eps fg      eps fgr    corr       eps fg      eps fgr     n*r     n*rc     ect     ec-----------------

  1s    2.   -2170.25320  -2170.25320-0.08293  -2170.33613  -2170.33613  0.2147  0.2147  -0.08271   0.00000-0.0827
  2s    2.    -345.57706   -345.57706-0.08240   -345.65946   -345.65946  0.5379  0.5379  -0.23237  -0.06851-0.0811
  2p    6.    -311.55814   -311.55814-0.08248   -311.64063   -311.64063  0.5665  0.5665  -0.72473  -0.08179-0.0819-0.0821-0.0822
  3s    2.     -79.56534    -79.56534-0.08128    -79.64661    -79.64661  1.1211  1.1205  -0.87190  -0.06874-0.0784
  3p    6.     -68.09254    -68.09254-0.08128    -68.17382    -68.17382  1.2119  1.2111  -1.35158  -0.07921-0.0796-0.0799-0.0804
  3d   10.     -50.28974    -50.28974-0.08141    -50.37115    -50.37115  1.4101  1.4090  -2.16122  -0.08068-0.0808-0.0808-0.0812
  4s    2.     -23.06807    -23.06807-0.07837    -23.14643    -23.14643  2.0821  2.0785  -2.30227  -0.06702-0.0740
  4p    6.     -19.13531    -19.13531-0.07797    -19.21328    -19.21328  2.2860  2.2814  -2.75797  -0.07439-0.0753-0.0759-0.0770
  4d    4.     -13.65338    -13.65338-0.07696    -13.73034    -13.73034  2.7063  2.6987  -3.06297  -0.07578-0.0761-0.0764-0.0767
  4f    1.      -7.94185     -7.94185-0.07265     -8.01450     -8.01450  3.5485  3.5323  -3.13561  -0.07265

0                           ecorrt=  -3.29490 (old)              ect=  -3.13561 (new)     etotrl=      0.00000 +  0.00000 +  0.00000

      etot= -12287.65773 -12287.65773         -12290.95262 -12290.95262 -12290.79334 -12290.79334 -12290.79334


 Sn9+   4d44f1         10 -12290.7933 0  109.7964 1   73.8014 1    4.2616 2    0.2504 2
    92.6174 3   59.8037 3  111.0361 4   69.6916 4   49.3135 4


0    t(run)=  0.04,     t(job)=   0.11 seconds
