1
   Sn11+  4p64d3           nconf=  1    z= 50    ncores= 8    nvales= 1    ion=11    r(i)/x(i)=0.24031862      ca1=0.700

 tolstb=1.000   tolk-2=0.20000   tolend= 0.5E-07   thresh= 0.1E-10   kut=-1    exf=0.650   corrf=1.000      ca0= 0.500

0rcn mod 36  ihf1= 2        mesh= 641   idb= 641   rdb=1574.928   emx=   0.00   r(mesh)=1574.928     irel= 1     ib= 641
0hfr      energy = e(av)


0    t(run)=  0.01,     t(job)=   0.01 seconds
1Sn11+  4p64d3         nconf=  1      z= 50     ion=11     kut=-1      exf=0.650     corrf=1.000   ca1=0.700   ca0=0.500



                           rscore(i)           rsvale(i)           rsatom(i)           pnl( 1s)            pnl( 2s) 
    r (a0)    nc          1         6         1         6         1         6         1         6         1         6


    0.0000     0       0.00000   9.85736   0.00000   0.00000   0.00000   9.85736  0.000000  2.079656  0.000000  0.696704
    0.0060     1      26.59735  42.00365   0.00000   0.00000  26.59735  42.00365  3.418575  4.296964  1.126493  1.380840
    0.0120     2      53.37796  60.38232   0.00002   0.00007  53.37798  60.38239  4.839734  5.133428  1.500935  1.516530
    0.0180     3      63.68731  64.29646   0.00018   0.00040  63.68748  64.29686  5.242383  5.215652  1.450897  1.322803
    0.0240     4      63.21316  59.18672   0.00080   0.00250  63.21396  59.18922  5.091010  4.658005  1.147580  0.703919
    0.0360     5      56.07720  55.64879   0.00613   0.01272  56.08333  55.66151  4.104972  3.525742  0.196183 -0.324983
    0.0481     6      57.94292  62.16678   0.02340   0.03923  57.96632  62.20601  2.972185  2.470352 -0.826117 -1.285891
    0.0601     7      67.29224  72.38471   0.06118   0.08995  67.35341  72.47466  2.030710  1.654651 -1.692406 -2.040054
    0.0721     8      76.74591  81.79372   0.12602   0.22035  76.87193  82.01407  1.338586  0.861423 -2.327571 -2.730687
    0.0961     9      81.57204  77.38229   0.34185   0.48410  81.91390  77.86639  0.545057  0.340658 -2.933167 -2.977056
    0.1202    10      71.23195  64.94328   0.63781   0.79238  71.86976  65.73566  0.210963  0.129728 -2.904196 -2.751368
    0.1442    11      59.77327  56.35930   0.93729   1.063 Eav & pars     4 -12267.6156 0114.0590 1 76.9760 1  4.6382 2
 finished  Sn11+  4p64d3   at   t(run)=  0.03,     t(job)=   0.03 seconds


 Sn11+  4p54d4      Z= 50   Ion stage= 11   Noelec= 39   IREL=1   EMX=  0.00   IDB= 641   R( 641)=1574.9

  it  time   delta  idel kut itp  1s    2s    2p    3s    3p    3d    4s    4p    4d
                                   2.    2.    6.    2.    6.   10.    2.    5.    4.
   1  0.00 -0.540872 136  0   1  0.400 0.000 0.000 0.000 0.000 0.000 0.000 0.000 0.000
   2  0.00  0.289191 116  0   1  0.400 0.000 0.000 0.000 0.000 0.000 0.000 0.000 0.000
   3  0.00  0.163223 114  0   2  0.320 0.320 0.320 0.320 0.320 0.320 0.320 0.320 0.320
   4  0.00 -0.032810 119 -1   2  0.320 0.320 0.320 0.320 0.320 0.320 0.320 0.320 0.320
   5  0.00 -0.025275 116 -1   3  0.480 0.320 0.480 0.480 0.480 0.480 0.480 0.480 0.480
   6  0.01 -0.008870 105 -1   4  0.720 0.213 0.720 0.720 0.720 0.720 0.720 0.720 0.720
   7  0.01  0.004343 152 -1   5  0.720 0.320 1.000 1.000 1.000 1.000 1.000 1.000 1.000
   8  0.01 -0.001309  95 -1   6  0.720 0.480 1.000 1.000 1.000 1.000 1.000 1.000 1.000
   9  0.01  0.000391 152 -1   7  1.000 0.720 1.000 1.000 0.667 0.667 0.667 0.667 0.667
  10  0.01  0.000132  82 -1   8  1.000 1.000 1.000 1.000 0.667 0.667 0.667 0.667 0.667
  11  0.01 -0.000015 147 -1   9  1.000 1.000 0.667 1.000 0.667 0.444 0.444 0.444 0.667
  12  0.02 -0.000014  86 -1  10  0.667 0.667 1.000 1.000 1.000 0.667 0.667 0.667 0.667
  13  0.02  0.000003 135 -1  11  0.667 0.667 0.667 0.667 0.667 0.667 0.667 0.444 1.000
  14  0.02 -0.000000 187 -1  12  0.667 1.000 1.000 0.667 0.667 0.444 0.444 0.444 0.667
  15  0.02 -0.000000 181 -1  13  1.000 0.667 1.000 1.000 1.000 0.667 0.667 0.296 1.000
  16  0.02 -0.000000 140 -1  14  0.667 0.667 0.667 1.000 1.000 1.000 0.667 0.444 1.000
  17  0.02  0.000000 133 -1  15  1.000 1.000 0.667 1.000 1.000 1.000 0.667 0.667 1.000
 Eav & pars     8 -12262.0936 0114.1472 1 77.0311 1 46.3190 2  4.6581 2
 119.4935 3151.6752 4 95.4952 4
 finished  Sn11+  4p54d4   at   t(run)=  0.02,     t(job)=   0.05 seconds


 Sn11+  4d24f1      Z= 50   Ion stage= 11   Noelec= 39   IREL=1   EMX=  0.00   IDB= 641   R( 641)=1574.9

  it  time   delta  idel kut itp  1s    2s    2p    3s    3p    3d    4s    4p    4d    4f
                                   2.    2.    6.    2.    6.   10.    2.    6.    2.    1.
   1  0.02 -0.562456 128  0   1  0.400 0.000 0.000 0.000 0.000 0.000 0.000 0.000 0.000 0.000
   2  0.02  0.276759 120  0   1  0.400 0.000 0.000 0.000 0.000 0.000 0.000 0.000 0.000 0.000
   3  0.02  0.154963 118  0   2  0.320 0.320 0.320 0.320 0.320 0.320 0.320 0.320 0.320 0.320
   4  0.02 -0.032567 121 -1   2  0.320 0.320 0.320 0.320 0.320 0.320 0.320 0.320 0.320 0.320
   5  0.02 -0.024863 117 -1   3  0.480 0.320 0.480 0.480 0.480 0.480 0.480 0.480 0.480 0.480
   6  0.02 -0.009610  99 -1   4  0.720 0.480 0.720 0.720 0.720 0.720 0.720 0.720 0.720 0.720
   7  0.02  0.004588 150 -1   5  0.720 0.720 1.000 1.000 1.000 1.000 1.000 1.000 1.000 1.000
   8  0.02 -0.001366 170 -1   6  0.480 1.000 1.000 1.000 1.000 1.000 1.000 1.000 1.000 1.000
   9  0.02  0.000357 168 -1   7  0.720 1.000 1.000 1.000 0.667 0.667 0.667 0.667 0.667 0.667
  10  0.03 -0.000023  84 -1   8  1.000 0.667 0.667 0.667 0.667 0.667 0.667 0.667 0.667 0.667
  11  0.03  0.000008 171 -1   9  1.000 0.667 1.000 1.000 1.000 1.000 0.444 1.000 1.000 1.000
  12  0.03 -0.000002 144 -1  10  1.000 1.000 1.000 1.000 0.667 0.667 0.296 0.667 0.667 0.667
  13  0.03  0.000000  95 -1  11  0.667 1.000 0.667 1.000 0.667 0.667 0.200 0.667 0.667 0.667
  14  0.03 -0.000000 138 -1  12  0.667 0.667 0.667 0.667 1.000 1.000 0.300 1.000 1.000 1.000
  15  0.03  0.000000 197 -1  13  1.000 1.000 1.000 1.000 0.667 0.667 0.450 0.667 0.667 0.667
 Eav & pars    10 -12261.8130 0114.4540 1 77.2587 1  4.6877 2  0.3414 2
 103.2827 3 67.4778 3123.1213 4 78.6070 4 56.0168 4
 finished  Sn11+  4d24f1   at   t(run)=  0.05,     t(job)=   0.10 seconds
.
Finished at                                   0:00:23.33, Thu 07/17/2025
Time spent:                                  0 hr 0 min 0.14 sec
33  0.764131  0.879420  0.099381  0.143418  0.006284 -0.104867
    0.0481     6      2.284120  2.496206 -0.436790 -0.634607  0.969059  1.031536  0.194842  0.252822 -0.208340 -0.299034
    0.0601     7      2.664464  2.790647 -0.800152 -0.930295  1.066812  1.075876  0.316431  0.384702 -0.373933 -0.431550
    0.0721     8      2.877649  2.948714 -1.024213 -1.107676  1.060417  0.964734  0.456671  0.608006 -0.471511 -0.500679
    0.0961     9      2.908805  2.788318 -1.068026 -0.930275  0.799141  0.583494  0.763598  0.917674 -0.470271 -0.392958
    0.1202    10      2.613814  2.406977 -0.720767 -0.463961  0.336032  0.072429  1.065615  1.203912 -0.282204 -0.150640
    0.1442    11      2.184629  1.959235 -0.180945  0.111052 -0.194477 -0.454692  1.330055  1.442397 -0.009269  0.132810
    0.1682    12      1.739600  1.338775  0.398589  0.923329 -0.700763 -1.131288  1.540008  1.690113  0.268478  0.500861
    0.2163    13      1.005012  0.740609  1.346192  1.652381 -1.464109 -1.696538  1.782448  1.823287  0.662861  0.747314
    0.2644    14      0.538165  0.386887  1.846433  1.942846 -1.836936 -1.898980  1.820805  1.783599  0.758227  0.705694
    0.3124    15      0.275848  0.195429  1.959996  1.916523 -1.898012 -1.848915  1.719830  1.636780  0.602420  0.461538
    0.3605    16      0.137775  0.067734  1.829408  1.579451 -1.765013 -1.535959  1.540673  1.328898  0.295345 -0.071350
    0.4566    17      0.032871  0.015607  1.294265  1.021852 -1.277168 -1.027554  1.114327  0.914355 -0.431327 -0.745628
    0.5527    18      0.007254  0.003321  0.784841  0.590301 -0.806525 -0.621115  0.737619  0.587055 -0.994924 -1.174029
    0.6489    19      0.001504  0.000676  0.436852  0.319239 -0.471276 -0.353417  0.462182  0.360691 -1.286570 -1.340963
    0.7450    20      0.000302  0.000060  0.231003  0.118408 -0.262576 -0.141960  0.279483  0.165050 -1.347624 -1.259551
    0.9372    21      0.000012  0.000002  0.059589  0.029643 -0.075294 -0.039435  0.095905  0.055086 -1.095347 -0.906170
    1.1295    22      0.000000  0.000000  0.014507  0.006924 -0.020418 -0.010372  0.031351  0.017663 -0.722619 -0.560168
    1.3218    23      0.000000  0.000000  0.003244  0.001499 -0.005173 -0.002546  0.009810  0.005382 -0.424550 -0.315875
    1.5140    24      0.000000  0.000000  0.000685  0.000140 -0.001241 -0.000288  0.002926  0.000848 -0.231413 -0.119614
    1.8985    25      0.000000  0.000000  0.000028  0.000005 -0.000065 -0.000015  0.000241  0.000067 -0.059406 -0.028589
    2.2830    26      0.000000  0.000000  0.000001  0.000000 -0.000003 -0.000001  0.000019  0.000005 -0.013391 -0.006110
    2.6675    27      0.000000  0.000000  0.000000  0.000000 -0.000000 -0.000000  0.000001  0.000000 -0.002732 -0.001203
    3.0520    28      0.000000  0.000000  0.000000  0.000000 -0.000000 -0.000000  0.000000  0.000000 -0.000523 -0.000096
    3.8211    29      0.000000  0.000000  0.000000  0.000000 -0.000000 -0.000000  0.000000  0.000000 -0.000017 -0.000003
    4.5901    30      0.000000  0.000000  0.000000  0.000000 -0.000000 -0.000000  0.000000  0.000000 -0.000001 -0.000000
    5.3591    31      0.000000  0.000000  0.000000  0.000000 -0.000000 -0.000000  0.000000  0.000000 -0.000000 -0.000000
    6.1281    32      0.000000  0.000000  0.000000  0.000000  0.000000  0.000000  0.000000  0.000000 -0.000000 -0.000000
    7.6662    33      0.000000  0.000000  0.000000  0.000000  0.000000  0.000000  0.000000  0.000000 -0.000000 -0.000000
    9.2042    34      0.000000  0.000000  0.000000  0.000000  0.000000  0.000000  0.000000  0.000000 -0.000000 -0.000000
   10.7422    35      0.000000  0.000000  0.000000  0.000000  0.000000  0.000000  0.000000  0.000000 -0.000000 -0.000000
   12.2803    36      0.000000  0.000000  0.000000  0.000000  0.000000  0.000000  0.000000  0.000000  0.000000  0.000000
1Sn11+  4p64d3         nconf=  1      z= 50     ion=11     kut=-1      exf=0.650     corrf=1.000   ca1=0.700   ca0=0.500



                           pnl( 4p)            pnl( 4d) 
    r (a0)    nc          1         6         1         6         1         6         1         6         1         6


    0.0000     0      0.000000  0.006311  0.000000  0.000047
    0.0060     1      0.022674  0.046410  0.000354  0.001125
    0.0120     2      0.075436  0.108044  0.002521  0.004664
    0.0180     3      0.142822  0.178598  0.007643  0.011523
    0.0240     4      0.214407  0.283084  0.016341  0.028863
    0.0360     5      0.344144  0.394639  0.045191  0.065118
    0.0481     6      0.432925  0.458316  0.088311  0.114358
    0.0601     7      0.470821  0.470938  0.142799  0.173157
    0.0721     8      0.459503  0.406324  0.204952  0.271014
    0.0961     9      0.320886  0.213100  0.337567  0.401705
    0.1202    10      0.092153 -0.033974  0.461089  0.513932
    0.1442    11     -0.158691 -0.276859  0.558956  0.595324
    0.1682    12     -0.384595 -0.558794  0.622579  0.649408
    0.2163    13     -0.670081 -0.717766  0.640917  0.600950
    0.2644    14     -0.707477 -0.648091  0.534507  0.446937
    0.3124    15     -0.549688 -0.422289  0.343446  0.228826
    0.3605    16     -0.275144  0.047068  0.107328 -0.141860
    0.4566    17      0.366373  0.651975 -0.381512 -0.597304
    0.5527    18      0.887195  1.065985 -0.780898 -0.928716
    0.6489    19      1.189319  1.262333 -1.040565 -1.118476
    0.7450    20      1.292253  1.254296 -1.165811 -1.185026
    0.9372    21      1.133779  0.975576 -1.131015 -1.032584
    1.1295    22      0.809543  0.653247 -0.911943 -0.784786
    1.3218    23      0.515494  0.399413 -0.661364 -0.547759
    1.5140    24      0.304763  0.170917 -0.447051 -0.287159
    1.8985    25      0.092118  0.048125 -0.177384 -0.106221
    2.2830    26      0.024514  0.012221 -0.062013 -0.035447
    2.6675    27      0.005978  0.002878 -0.019901 -0.011003
    3.0520    28      0.001368  0.000299 -0.006002 -0.001727
    3.8211    29      0.000063  0.000013 -0.000479 -0.000129
    4.5901    30      0.000003  0.000001 -0.000034 -0.000009
    5.3591    31      0.000000  0.000000 -0.000002 -0.000001
    6.1281    32      0.000000  0.000000 -0.000000 -0.000000
    7.6662    33      0.000000  0.000000 -0.000000 -0.000000
    9.2042    34      0.000000  0.000000 -0.000000 -0.000000
   10.7422    35      0.000000  0.000000 -0.000000 -0.000000
   12.2803    36      0.000000  0.000000  0.000000  0.000000
1Sn11+  4p64d3         nconf=  1      z= 50     ion=11     kut=-1      exf=0.650     corrf=1.000   ca1=0.700   ca0=0.500






  nl   wnl         ee          az      (r-3)      (r-2)      (r-1)      (r+1)      (r+2)      (r+3)      (r+4)      (r+6)

  1s    2.   -2174.25755   1005.980  0.000E+00  6.062E+03  5.299E+01  2.909E-02  1.145E-03  5.695E-05  3.425E-06  1.963E-08
  2s    2.    -349.62726    340.279  0.000E+00  6.769E+02  1.212E+01  1.254E-01  1.854E-02  3.121E-03  5.917E-04  2.952E-05
  2p    6.    -315.60386   4069.951  4.497E+03  1.834E+02  1.159E+01  1.099E-01  1.472E-02  2.336E-03  4.297E-04  2.126E-05
  3s    2.     -83.55970    150.487  0.000E+00  1.341E+02  4.336E+00  3.367E-01  1.295E-01  5.495E-02  2.549E-02  7.089E-03
  3p    6.     -72.08321   1880.257  8.368E+02  3.623E+01  4.111E+00  3.351E-01  1.300E-01  5.621E-02  2.682E-02  8.076E-03
  3d   10.     -54.27371   4331.665  1.201E+02  1.887E+01  3.883E+00  3.122E-01  1.153E-01  4.941E-02  2.421E-02  8.272E-03
  4s    2.     -26.63546     69.598  0.000E+00  2.931E+01  1.773E+00  7.796E-01  6.820E-01  6.480E-01  6.632E-01  8.588E-01
  4p    6.     -22.60826    854.598  1.686E+02  7.891E+00  1.646E+00  8.214E-01  7.612E-01  7.693E-01  8.408E-01  1.255E+00
  4d    3.     -17.06921   1978.043  2.084E+01  3.786E+00  1.452E+00  8.986E-01  9.221E-01  1.043E+00  1.290E+00  2.523E+00

       39.                                      1.537E+04  2.897E+02  1.596E+01  1.102E+01  1.000E+01  1.070E+01  1.696E+01

        1.                                      3.941E+02  7.429E+00  4.092E-01  2.825E-01  2.565E-01  2.743E-01  4.349E-01



            --------------------zeta---------------------
  nl   wnl    ----blume-watson----     -----(r*vi)-----     i (ryd)      eps s       evel       edar   evel+edar    erel
                 (ryd)      (cm-1)     (ryd)      (cm-1)
  1s    2.      0.00000       0.000   0.00000       0.000-2585.18893 -2164.41795 -528.26297  440.06795  -88.195 -2252.61297
  2s    2.      0.00000       0.000   0.00000       0.000 -646.68586  -346.22010  -72.98512   48.92593  -24.059  -370.27929
  2p    6.     11.22544 1231849.401  11.52547 1264773.927 -630.20552  -314.43683   -9.42761    0.00170   -9.428  -323.86444
  3s    2.      0.00000       0.000   0.00000       0.000 -270.23223   -82.01273  -14.89614    9.53045   -5.366   -87.37843
  3p    6.      2.08677  228996.216   2.13749  234562.152 -261.46599   -71.41534   -2.30031    0.00177   -2.300   -73.71564
  3d   10.      0.24421   26798.932   0.26049   28585.319 -251.98948   -54.95135   -0.53510   -0.01432   -0.535   -55.48646
  4s    2.      0.00000       0.000   0.00000       0.000 -130.33495   -26.35800   -3.22644    2.03668   -1.190   -27.54776
  4p    6.      0.41999   46088.461   0.42961   47144.121 -123.20847   -22.82836   -0.49491    0.00047   -0.495   -23.32327
  4d    3.      0.04227    4638.176   0.04478    4913.691 -111.48674   -17.42482   -0.11178   -0.00233   -0.112   -17.53660
1Sn11+  4p64d3         nconf=  1      z= 50     ion=11     kut=-1      exf=0.650     corrf=1.000   ca1=0.700   ca0=0.500





0               without correlation                with correlation
              -----------------------           -----------------------
  nl   wnl       eps fg      eps fgr    corr       eps fg      eps fgr     n*r     n*rc     ect     ec-----------------

  1s    2.   -2174.17501  -2174.17501-0.08293  -2174.25794  -2174.25794  0.2574  0.2574  -0.08271   0.00000-0.0827
  2s    2.    -349.54484   -349.54484-0.08240   -349.62724   -349.62724  0.6418  0.6418  -0.23237  -0.06851-0.0811
  2p    6.    -315.52166   -315.52166-0.08248   -315.60414   -315.60414  0.6756  0.6755  -0.72474  -0.08179-0.0819-0.0821-0.0822
  3s    2.     -83.47830    -83.47830-0.08127    -83.55958    -83.55958  1.3134  1.3128  -0.87193  -0.06877-0.0784
  3p    6.     -72.00196    -72.00196-0.08128    -72.08323    -72.08323  1.4142  1.4134  -1.35165  -0.07921-0.0797-0.0799-0.0804
  3d   10.     -54.19229    -54.19229-0.08140    -54.27369    -54.27369  1.6301  1.6289  -2.16133  -0.08069-0.0808-0.0808-0.0812
  4s    2.     -26.55679    -26.55679-0.07821    -26.63500    -26.63500  2.3286  2.3252  -2.30307  -0.06752-0.0742
  4p    6.     -22.53042    -22.53042-0.07778    -22.60821    -22.60821  2.5281  2.5238  -2.75990  -0.07464-0.0755-0.0761-0.0771
  4d    3.     -16.99221    -16.99221-0.07676    -17.06897    -17.06897  2.9111  2.9045  -2.98936  -0.07619-0.0765-0.0768

0                           ecorrt=  -3.14319 (old)              ect=  -2.98936 (new)     etotrl=      0.00000 +  0.00000 +  0.00000

      etot= -12264.62627 -12264.62627         -12267.76946 -12267.76946 -12267.61563 -12267.61563 -12267.61563


 Sn11+  4p64d3          4 -12267.6156 0  114.0590 1   76.9760 1    4.6382 2


0    t(run)=  0.03,     t(job)=   0.03 seconds
1
   Sn11+  4p54d4           nconf=  2    z= 50    ncores= 8    nvales= 1    ion=11    r(i)/x(i)=0.24031862      ca1=0.700

 tolstb=1.000   tolk-2=0.20000   tolend= 0.5E-07   thresh= 0.1E-10   kut=-1    exf=0.650   corrf=1.000      ca0= 0.500

0rcn mod 36  ihf1= 2        mesh= 641   idb= 641   rdb=1574.928   emx=   0.00   r(mesh)=1574.928     irel= 1     ib= 641
0hfr      energy = e(av)


0    t(run)=  0.02,     t(job)=   0.05 seconds
1Sn11+  4p54d4         nconf=  2      z= 50     ion=11     kut=-1      exf=0.650     corrf=1.000   ca1=0.700   ca0=0.500



                           rscore(i)           rsvale(i)           rsatom(i)           pnl( 1s)            pnl( 2s) 
    r (a0)    nc          1         6         1         6         1         6         1         6         1         6


    0.0000     0       0.00000   9.85773   0.00000   0.00000   0.00000   9.85773  0.000000  2.079689  0.000000  0.696741
    0.0060     1      26.59790  42.00311   0.00000   0.00001  26.59791  42.00312  3.418628  4.297028  1.126550  1.380907
    0.0120     2      53.37422  60.37270   0.00003   0.00009  53.37424  60.37279  4.839803  5.133496  1.501003  1.516591
    0.0180     3      63.66891  64.26642   0.00023   0.00053  63.66914  64.26695  5.242446  5.215707  1.450946  1.322835
    0.0240     4      63.16887  59.10802   0.00107   0.00335  63.16994  59.11137  5.091054  4.658025  1.147592  0.703886
    0.0360     5      55.96028  55.49495   0.00821   0.01705  55.96849  55.51200  4.104966  3.525711  0.196104 -0.325105
    0.0481     6      57.75798  61.95982   0.03135   0.05257  57.78933  62.01239  2.972134  2.470285 -0.826274 -1.286073
    0.0601     7      67.07422  72.16701   0.08197   0.12052  67.15619  72.28752  2.030633  1.654569 -1.692602 -2.040255
    0.0721     8      76.53915  81.63342   0.16883   0.29517  76.70797  81.92860  1.338503  0.861347 -2.327766 -2.730851
    0.0961     9      81.47453  77.34361   0.45790   0.64835  81.93243  77.99196  0.544994  0.340610 -2.933282 -2.977116
    0.1202    10      71.23215  64.95320   0.85410   1.06094  72.08625  66.01414  0.210930  0.129707 -2.904205 -2.751334
    0.1442    11      59.76163  56.29838   1.25478   1.42316  61.01641  57.72154  0.079302  0.048201 -2.548554 -2.319138
    0.1682    12      54.69670  56.02733   1.55619   1.69255  56.25289  57.71989  0.029097  0.010428 -2.080299 -1.618888
    0.2163    13      60.43003  64.57756   1.64780   1.44782  62.07784  66.02538  0.003677  0.001282 -1.218471 -0.895168
    0.2644    14      66.45662  65.42607   1.14442   0.79919  67.60104  66.22526  0.000443  0.000152 -0.645925 -0.459785
    0.3124    15      61.78655  56.30169   0.47100   0.20827  62.25755  56.50996  0.000052  0.000018 -0.323902 -0.226360
    0.3605    16      49.84128  36.86743   0.04524   0.08226  49.88652  36.94969  0.000006  0.000001 -0.157217 -0.074816
    0.4566    17      26.61478  20.03863   0.58819   1.43751  27.20297  21.47614  0.000000  0.000000 -0.035064 -0.016040
    0.5527    18      16.51355  14.92257   2.45305   3.46562  18.96660  18.38819  0.000000  0.000000 -0.007162 -0.003145
    0.6489    19      14.25982  13.84099   4.34649   5.01749  18.60631  18.85848  0.000000  0.000000 -0.001365 -0.000587
    0.7450    20      13.29993  11.46124   5.44693   5.62004  18.74686  17.08128  0.000000  0.000000 -0.000251 -0.000045
    0.9372    21       8.94722   6.42287   5.11297   4.25700  14.06020  10.67988  0.000000  0.000000 -0.000008 -0.000001
    1.1295    22       4.31337   2.74719   3.31717   2.45458   7.63054   5.20177  0.000000  0.000000 -0.000000 -0.000000
    1.3218    23       1.67640   0.98759   1.74204   1.19429   3.41843   2.18188  0.000000  0.000000 -0.000000 -0.000000
    1.5140    24       0.56490   0.17203   0.79514   0.32786   1.36004   0.49989  0.000000  0.000000 -0.000000 -0.000000
    1.8985    25       0.04857   0.01292   0.12506   0.04483   0.17362   0.05776  0.000000  0.000000 -0.000000 -0.000000
    2.2830    26       0.00328   0.00080   0.01528   0.00499   0.01856   0.00579  0.000000  0.000000 -0.000000 -0.000000
    2.6675    27       0.00019   0.00004   0.00157   0.00048   0.00176   0.00052  0.000000  0.000000 -0.000000 -0.000000
    3.0520    28       0.00001   0.00000   0.00014   0.00001   0.00015   0.00001  0.000000  0.000000  0.000000  0.000000
    3.8211    29       0.00000   0.00000   0.00000   0.00000   0.00000   0.00000  0.000000  0.000000  0.000000  0.000000
    4.5901    30       0.00000   0.00000   0.00000   0.00000   0.00000   0.00000  0.000000  0.000000  0.000000  0.000000
    5.3591    31       0.00000   0.00000   0.00000   0.00000   0.00000   0.00000  0.000000  0.000000  0.000000  0.000000
    6.1281    32       0.00000   0.00000   0.00000   0.00000   0.00000   0.00000  0.000000  0.000000  0.000000  0.000000
    7.6662    33       0.00000   0.00000   0.00000   0.00000   0.00000   0.00000  0.000000  0.000000  0.000000  0.000000
    9.2042    34       0.00000   0.00000   0.00000   0.00000   0.00000   0.00000  0.000000  0.000000  0.000000  0.000000
   10.7422    35       0.00000   0.00000   0.00000   0.00000   0.00000   0.00000  0.000000  0.000000  0.000000  0.000000
   12.2803    36       0.00000   0.00000   0.00000   0.00000   0.00000   0.00000  0.000000  0.000000  0.000000  0.000000
1Sn11+  4p54d4         nconf=  2      z= 50     ion=11     kut=-1      exf=0.650     corrf=1.000   ca1=0.700   ca0=0.500



                           pnl( 2p)            pnl( 3s)            pnl( 3p)            pnl( 3d)            pnl( 4s) 
    r (a0)    nc          1         6         1         6         1         6         1         6         1         6


    0.0000     0      0.000000  0.030079  0.000000  0.307629  0.000000  0.013880  0.000000  0.000104  0.000000  0.142420
    0.0060     1      0.108224  0.221963  0.496192  0.605947  0.049882  0.102137  0.000776  0.002467  0.229600  0.280165
    0.0120     2      0.361726  0.519783  0.655086  0.656867  0.166086  0.238007  0.005529  0.010229  0.302538  0.302870
    0.0180     3      0.689821  0.866680  0.621768  0.558334  0.314825  0.393995  0.016769  0.025289  0.286033  0.256009
    0.0240     4      1.046151  1.399958  0.473628  0.262921  0.473420  0.626469  0.035880  0.063439  0.216099  0.117174
    0.0360     5      1.731386  2.028333  0.025817 -0.213049  0.763790  0.879025  0.099449  0.143515  0.006251 -0.105033
    0.0481     6      2.284205  2.496284 -0.436772 -0.634556  0.968620  1.031066  0.194972  0.252987 -0.208627 -0.299424
    0.0601     7      2.664530  2.790698 -0.800069 -0.930183  1.066322  1.075381  0.316633  0.384943 -0.374402 -0.432075
    0.0721     8      2.877683  2.948711 -1.024075 -1.107499  1.059929  0.964294  0.456951  0.608361 -0.472068 -0.501231
    0.0961     9      2.908771  2.788262 -1.067830 -0.930081  0.798790  0.583264  0.764021  0.918155 -0.470743 -0.393294
    0.1202    10      2.613747  2.406910 -0.720594 -0.463824  0.335945  0.072494  1.066142  1.204474 -0.282371 -0.150620
    0.1442    11      2.184570  1.959190 -0.180854  0.111092 -0.194260 -0.454333  1.330641  1.442997 -0.009060  0.133196
    0.1682    12      1.739572  1.338779  0.398580  0.923243 -0.700280 -1.130625  1.540613  1.690704  0.269024  0.501649
    0.2163    13      1.005039  0.740646  1.346069  1.652265 -1.463368 -1.695817  1.783001  1.823781  0.663770  0.748221
    0.2644    14      0.538203  0.386919  1.846356  1.942829 -1.836311 -1.898503  1.821223  1.783929  0.759021  0.706284
    0.3124    15      0.275872  0.195444  1.960044  1.916630 -1.897711 -1.848800  1.720061  1.636905  0.602745  0.461562
    0.3605    16      0.137781  0.067728  1.829563  1.579653 -1.765079 -1.536331  1.540690  1.328698  0.295057 -0.072216
    0.4566    17      0.032859  0.015595  1.294446  1.021960 -1.277743 -1.028229  1.113925  0.913779 -0.432623 -0.747151
    0.5527    18      0.007245  0.003316  0.784849  0.590204 -0.807216 -0.621766  0.736904  0.586241 -0.996472 -1.175428
    0.6489    19      0.001502  0.000675  0.436664  0.318982 -0.471855 -0.353914  0.461309  0.359797 -1.287694 -1.341733
    0.7450    20      0.000301  0.000059  0.230703  0.118090 -0.262992 -0.142245  0.278601  0.164264 -1.348008 -1.259204
    0.9372    21      0.000012  0.000002  0.059309  0.029427 -0.075491 -0.039575  0.095263  0.054597 -1.094469 -0.905011
    1.1295    22      0.000000  0.000000  0.014359  0.006838 -0.020516 -0.010432  0.030997  0.017420 -0.721395 -0.559027
    1.3218    23      0.000000  0.000000  0.003197  0.001475 -0.005207 -0.002563  0.009653  0.005287 -0.423570 -0.315083
    1.5140    24      0.000000  0.000000  0.000673  0.000137 -0.001249 -0.000290  0.002870  0.000829 -0.230802 -0.119287
    1.8985    25      0.000000  0.000000  0.000027  0.000005 -0.000066 -0.000015  0.000235  0.000066 -0.059251 -0.028522
    2.2830    26      0.000000  0.000000  0.000001  0.000000 -0.000003 -0.000001  0.000018  0.000005 -0.013367 -0.006105
    2.6675    27      0.000000  0.000000  0.000000  0.000000 -0.000000 -0.000000  0.000001  0.000000 -0.002733 -0.001205
    3.0520    28      0.000000  0.000000  0.000000  0.000000 -0.000000 -0.000000  0.000000  0.000000 -0.000524 -0.000096
    3.8211    29      0.000000  0.000000  0.000000  0.000000 -0.000000 -0.000000  0.000000  0.000000 -0.000017 -0.000003
    4.5901    30      0.000000  0.000000  0.000000  0.000000 -0.000000 -0.000000  0.000000  0.000000 -0.000001 -0.000000
    5.3591    31      0.000000  0.000000  0.000000  0.000000 -0.000000 -0.000000  0.000000  0.000000 -0.000000 -0.000000
    6.1281    32      0.000000  0.000000  0.000000  0.000000  0.000000  0.000000  0.000000  0.000000 -0.000000 -0.000000
    7.6662    33      0.000000  0.000000  0.000000  0.000000  0.000000  0.000000  0.000000  0.000000 -0.000000 -0.000000
    9.2042    34      0.000000  0.000000  0.000000  0.000000  0.000000  0.000000  0.000000  0.000000 -0.000000 -0.000000
   10.7422    35      0.000000  0.000000  0.000000  0.000000  0.000000  0.000000  0.000000  0.000000 -0.000000 -0.000000
   12.2803    36      0.000000  0.000000  0.000000  0.000000  0.000000  0.000000  0.000000  0.000000  0.000000  0.000000
1Sn11+  4p54d4         nconf=  2      z= 50     ion=11     kut=-1      exf=0.650     corrf=1.000   ca1=0.700   ca0=0.500



                           pnl( 4p)            pnl( 4d) 
    r (a0)    nc          1         6         1         6         1         6         1         6         1         6


    0.0000     0      0.000000  0.006327  0.000000  0.000047
    0.0060     1      0.022731  0.046527  0.000355  0.001128
    0.0120     2      0.075626  0.108316  0.002528  0.004676
    0.0180     3      0.143181  0.179047  0.007663  0.011552
    0.0240     4      0.214944  0.283792  0.016383  0.028936
    0.0360     5      0.345000  0.395615  0.045304  0.065280
    0.0481     6      0.433990  0.459436  0.088530  0.114640
    0.0601     7      0.471962  0.472069  0.143148  0.173577
    0.0721     8      0.460595  0.407264  0.205444  0.271650
    0.0961     9      0.321598  0.213536  0.338340  0.402600
    0.1202    10      0.092289 -0.034143  0.462087  0.515009
    0.1442    11     -0.159155 -0.277595  0.560086  0.596481
    0.1682    12     -0.385573 -0.560143  0.623737  0.650491
    0.2163    13     -0.671634 -0.719361  0.641834  0.601627
    0.2644    14     -0.708966 -0.649354  0.534888  0.446987
    0.3124    15     -0.550633 -0.422856  0.343148  0.228182
    0.3605    16     -0.275300  0.047739  0.106353 -0.143409
    0.4566    17      0.367769  0.653903 -0.383469 -0.599481
    0.5527    18      0.889425  1.068288 -0.783111 -0.930809
    0.6489    19      1.191487  1.264193 -1.042412 -1.119988
    0.7450    20      1.293681  1.254666 -1.166933 -1.185331
    0.9372    21      1.133095  0.974048 -1.130594 -1.031625
    1.1295    22      0.807466  0.650905 -0.910655 -0.783355
    1.3218    23      0.513119  0.397168 -0.659932 -0.546418
    1.5140    24      0.302744  0.169449 -0.445854 -0.286296
    1.8985    25      0.091152  0.047530 -0.176817 -0.105871
    2.2830    26      0.024165  0.012022 -0.061806 -0.035328
    2.6675    27      0.005865  0.002816 -0.019835 -0.010966
    3.0520    28      0.001334  0.000290 -0.005982 -0.001722
    3.8211    29      0.000061  0.000012 -0.000478 -0.000129
    4.5901    30      0.000003  0.000000 -0.000034 -0.000009
    5.3591    31      0.000000  0.000000 -0.000002 -0.000001
    6.1281    32      0.000000  0.000000 -0.000000 -0.000000
    7.6662    33      0.000000  0.000000 -0.000000 -0.000000
    9.2042    34      0.000000  0.000000 -0.000000 -0.000000
   10.7422    35      0.000000  0.000000 -0.000000 -0.000000
   12.2803    36      0.000000  0.000000  0.000000  0.000000
1Sn11+  4p54d4         nconf=  2      z= 50     ion=11     kut=-1      exf=0.650     corrf=1.000   ca1=0.700   ca0=0.500






  nl   wnl         ee          az      (r-3)      (r-2)      (r-1)      (r+1)      (r+2)      (r+3)      (r+4)      (r+6)

  1s    2.   -2174.53481   1005.995  0.000E+00  6.062E+03  5.299E+01  2.909E-02  1.145E-03  5.695E-05  3.425E-06  1.963E-08
  2s    2.    -349.78016    340.297  0.000E+00  6.770E+02  1.212E+01  1.254E-01  1.854E-02  3.120E-03  5.916E-04  2.951E-05
  2p    6.    -315.76439   4070.209  4.497E+03  1.834E+02  1.159E+01  1.099E-01  1.472E-02  2.336E-03  4.297E-04  2.126E-05
  3s    2.     -83.68785    150.462  0.000E+00  1.340E+02  4.336E+00  3.367E-01  1.295E-01  5.493E-02  2.548E-02  7.078E-03
  3p    6.     -72.20140   1879.436  8.361E+02  3.620E+01  4.110E+00  3.352E-01  1.301E-01  5.627E-02  2.686E-02  8.096E-03
  3d   10.     -54.42145   4334.755  1.202E+02  1.888E+01  3.884E+00  3.120E-01  1.151E-01  4.931E-02  2.413E-02  8.222E-03
  4s    2.     -26.57946     69.679  0.000E+00  2.937E+01  1.774E+00  7.791E-01  6.811E-01  6.467E-01  6.615E-01  8.557E-01
  4p    5.     -22.73123    856.755  1.694E+02  7.924E+00  1.649E+00  8.202E-01  7.589E-01  7.658E-01  8.355E-01  1.242E+00
  4d    4.     -17.06837   1983.104  2.092E+01  3.797E+00  1.454E+00  8.976E-01  9.202E-01  1.040E+00  1.285E+00  2.511E+00

       39.                                      1.537E+04  2.896E+02  1.602E+01  1.116E+01  1.025E+01  1.110E+01  1.811E+01

        1.                                      3.940E+02  7.425E+00  4.108E-01  2.861E-01  2.627E-01  2.846E-01  4.644E-01



            --------------------zeta---------------------
  nl   wnl    ----blume-watson----     -----(r*vi)-----     i (ryd)      eps s       evel       edar   evel+edar    erel
                 (ryd)      (cm-1)     (ryd)      (cm-1)
  1s    2.      0.00000       0.000   0.00000       0.000-2585.19037 -2164.69998 -528.28199  440.08270  -88.199 -2252.89926
  2s    2.      0.00000       0.000   0.00000       0.000 -646.69201  -346.36955  -72.99398   48.93094  -24.063  -370.43259
  2p    6.     11.22678 1231996.918  11.52669 1264908.514 -630.20713  -314.59685   -9.42867    0.00174   -9.429  -324.02553
  3s    2.      0.00000       0.000   0.00000       0.000 -270.22786   -82.15517  -14.89147    9.52728   -5.364   -87.51937
  3p    6.      2.08495  228796.941   2.13563  234358.272 -261.42425   -71.55733   -2.29818    0.00179   -2.298   -73.85551
  3d   10.      0.24443   26823.227   0.26076   28614.741 -252.03575   -55.08917   -0.53567   -0.01433   -0.536   -55.62484
  4s    2.      0.00000       0.000   0.00000       0.000 -130.40434   -26.44294   -3.23405    2.04137   -1.193   -27.63562
  4p    5.      0.42209   46319.045   0.43176   47380.457 -123.34441   -22.91028   -0.49741    0.00048   -0.497   -23.40769
  4d    4.      0.04245    4658.128   0.04497    4935.104 -111.58810   -17.49817   -0.11229   -0.00234   -0.112   -17.61046
1Sn11+  4p54d4         nconf=  2      z= 50     ion=11     kut=-1      exf=0.650     corrf=1.000   ca1=0.700   ca0=0.500





0               without correlation                with correlation
              -----------------------           -----------------------
  nl   wnl       eps fg      eps fgr    corr       eps fg      eps fgr     n*r     n*rc     ect     ec-----------------

  1s    2.   -2174.45228  -2174.45228-0.08293  -2174.53521  -2174.53521  0.2573  0.2573  -0.08271   0.00000-0.0827
  2s    2.    -349.69775   -349.69775-0.08240   -349.78015   -349.78015  0.6417  0.6416  -0.23237  -0.06852-0.0812
  2p    6.    -315.68219   -315.68219-0.08248   -315.76467   -315.76467  0.6754  0.6753  -0.72474  -0.08179-0.0819-0.0821-0.0822
  3s    2.     -83.60645    -83.60645-0.08127    -83.68772    -83.68772  1.3124  1.3117  -0.87193  -0.06877-0.0784
  3p    6.     -72.12015    -72.12015-0.08127    -72.20143    -72.20143  1.4130  1.4122  -1.35164  -0.07921-0.0796-0.0799-0.0804
  3d   10.     -54.34003    -54.34003-0.08140    -54.42143    -54.42143  1.6279  1.6267  -2.16135  -0.08069-0.0808-0.0808-0.0812
  4s    2.     -26.50077    -26.50077-0.07822    -26.57899    -26.57899  2.3311  2.3276  -2.30309  -0.06752-0.0742
  4p    5.     -22.65336    -22.65336-0.07781    -22.73117    -22.73117  2.5212  2.5169  -2.68286  -0.07466-0.0756-0.0761-0.0769
  4d    4.     -16.99130    -16.99130-0.07682    -17.06812    -17.06812  2.9112  2.9046  -2.98849  -0.07593-0.0763-0.0766-0.0768

0                           ecorrt=  -3.14254 (old)              ect=  -2.98849 (new)     etotrl=      0.00000 +  0.00000 +  0.00000

      etot= -12259.10507 -12259.10507         -12262.24762 -12262.24762 -12262.09356 -12262.09356 -12262.09356


 Sn11+  4p54d4          8 -12262.0936 0  114.1472 1   77.0311 1   46.3190 2    4.6581 2
   119.4935 3  151.6752 4   95.4952 4


0    t(run)=  0.02,     t(job)=   0.05 seconds
1
   Sn11+  4d24f1           nconf=  3    z= 50    ncores= 9    nvales= 1    ion=11    r(i)/x(i)=0.24031862      ca1=0.700

 tolstb=1.000   tolk-2=0.20000   tolend= 0.5E-07   thresh= 0.1E-10   kut=-1    exf=0.650   corrf=1.000      ca0= 0.500

0rcn mod 36  ihf1= 2        mesh= 641   idb= 641   rdb=1574.928   emx=   0.00   r(mesh)=1574.928     irel= 1     ib= 641
0hfr      energy = e(av)


0    t(run)=  0.03,     t(job)=   0.08 seconds
1Sn11+  4d24f1         nconf=  3      z= 50     ion=11     kut=-1      exf=0.650     corrf=1.000   ca1=0.700   ca0=0.500



                           rscore(i)           rsvale(i)           rsatom(i)           pnl( 1s)            pnl( 2s) 
    r (a0)    nc          1         6         1         6         1         6         1         6         1         6


    0.0000     0       0.00000   9.85802   0.00000   0.00000   0.00000   9.85802  0.000000  2.079652  0.000000  0.696786
    0.0060     1      26.59912  42.00645   0.00000   0.00000  26.59912  42.00645  3.418569  4.296956  1.126625  1.381001
    0.0120     2      53.38161  60.38672   0.00000   0.00000  53.38161  60.38672  4.839726  5.133421  1.501110  1.516705
    0.0180     3      63.69250  64.30265   0.00000   0.00000  63.69250  64.30265  5.242377  5.215647  1.451063  1.322952
    0.0240     4      63.22069  59.19846   0.00000   0.00000  63.22069  59.19846  5.091006  4.658004  1.147706  0.703989
    0.0360     5      56.09568  55.67683   0.00000   0.00000  56.09568  55.67683  4.104974  3.525746  0.196190 -0.325040
    0.0481     6      57.98350  62.22297   0.00000   0.00001  57.98350  62.22298  2.972191  2.470359 -0.826234 -1.286061
    0.0601     7      67.36724  72.48190   0.00002   0.00003  67.36726  72.48193  2.030718  1.654659 -1.692620 -2.040302
    0.0721     8      76.86884  81.97948   0.00006   0.00016  76.86890  81.97964  1.338594  0.861430 -2.327843 -2.730976
    0.0961     9      81.83600  77.73832   0.00037   0.00074  81.83637  77.73906  0.545061  0.340660 -2.933437 -2.977277
    0.1202    10      71.69012  65.50793   0.00137   0.00235  71.69149  65.51028  0.210963  0.129727 -2.904349 -2.751441
    0.1442    11      60.44187  57.12220   0.00378   0.00578  60.44564  57.12798  0.079312  0.048205 -2.548610 -2.319135
    0.1682    12      55.66837  57.25173   0.00847   0.01639  55.67685  57.26812  0.029099  0.010428 -2.080236 -1.618722
    0.2163    13      61.77997  65.89046   0.02840   0.04518  61.80838  65.93564  0.003677  0.001282 -1.218238 -0.894909
    0.2644    14      67.58674  66.27869   0.06722   0.09475  67.65396  66.37344  0.000443  0.000152 -0.645671 -0.459556
    0.3124    15      62.33105  56.56816   0.12777   0.16608  62.45882  56.73424  0.000052  0.000018 -0.323707 -0.226200
    0.3605    16      49.90724  36.86807   0.20925   0.30784  50.11649  37.17591  0.000006  0.000001 -0.157090 -0.074737
    0.4566    17      27.01317  21.17504   0.41765   0.53182  27.43082  21.70686  0.000000  0.000000 -0.035015 -0.016010
    0.5527    18      18.54105  17.81994   0.64351   0.74670  19.18456  18.56663  0.000000  0.000000 -0.007144 -0.003135
    0.6489    19      17.88190  17.97659   0.83666   0.91016  18.71856  18.88675  0.000000  0.000000 -0.001360 -0.000585
    0.7450    20      17.72071  15.85337   0.96546   1.02055  18.68618  16.87391  0.000000  0.000000 -0.000250 -0.000045
    0.9372    21      12.78035   9.48299   1.00883   0.94566  13.78918  10.42866  0.000000  0.000000 -0.000008 -0.000001
    1.1295    22       6.60271   4.37717   0.84875   0.73441   7.45146   5.11158  0.000000  0.000000 -0.000000 -0.000000
    1.3218    23       2.79247   1.72792   0.61580   0.50233   3.40827   2.23025  0.000000  0.000000 -0.000000 -0.000000
    1.5140    24       1.04321   0.35930   0.39988   0.23784   1.44310   0.59714  0.000000  0.000000 -0.000000 -0.000000
    1.8985    25       0.11706   0.03667   0.13164   0.06862   0.24871   0.10528  0.000000  0.000000 -0.000000 -0.000000
    2.2830    26       0.01115   0.00331   0.03399   0.01612   0.04514   0.01943  0.000000  0.000000 -0.000000 -0.000000
    2.6675    27       0.00097   0.00028   0.00736   0.00325   0.00833   0.00353  0.000000  0.000000 -0.000000 -0.000000
    3.0520    28       0.00008   0.00001   0.00140   0.00024   0.00147   0.00024  0.000000  0.000000  0.000000  0.000000
    3.8211    29       0.00000   0.00000   0.00004   0.00001   0.00004   0.00001  0.000000  0.000000  0.000000  0.000000
    4.5901    30       0.00000   0.00000   0.00000   0.00000   0.00000   0.00000  0.000000  0.000000  0.000000  0.000000
    5.3591    31       0.00000   0.00000   0.00000   0.00000   0.00000   0.00000  0.000000  0.000000  0.000000  0.000000
    6.1281    32       0.00000   0.00000   0.00000   0.00000   0.00000   0.00000  0.000000  0.000000  0.000000  0.000000
    7.6662    33       0.00000   0.00000   0.00000   0.00000   0.00000   0.00000  0.000000  0.000000  0.000000  0.000000
    9.2042    34       0.00000   0.00000   0.00000   0.00000   0.00000   0.00000  0.000000  0.000000  0.000000  0.000000
   10.7422    35       0.00000   0.00000   0.00000   0.00000   0.00000   0.00000  0.000000  0.000000  0.000000  0.000000
   12.2803    36       0.00000   0.00000   0.00000   0.00000   0.00000   0.00000  0.000000  0.000000  0.000000  0.000000
   15.3564    37       0.00000   0.00000   0.00000   0.00000   0.00000   0.00000  0.000000  0.000000  0.000000  0.000000
   18.4324    38       0.00000   0.00000   0.00000   0.00000   0.00000   0.00000  0.000000  0.000000  0.000000  0.000000
   21.5085    39       0.00000   0.00000   0.00000   0.00000   0.00000   0.00000  0.000000  0.000000  0.000000  0.000000
   24.5846    40       0.00000   0.00000   0.00000   0.00000   0.00000   0.00000  0.000000  0.000000  0.000000  0.000000
1Sn11+  4d24f1         nconf=  3      z= 50     ion=11     kut=-1      exf=0.650     corrf=1.000   ca1=0.700   ca0=0.500



                           pnl( 2p)            pnl( 3s)            pnl( 3p)            pnl( 3d)            pnl( 4s) 
    r (a0)    nc          1         6         1         6         1         6         1         6         1         6


    0.0000     0      0.000000  0.030081  0.000000  0.307899  0.000000  0.013899  0.000000  0.000104  0.000000  0.142591
    0.0060     1      0.108231  0.221978  0.496628  0.606479  0.049948  0.102272  0.000776  0.002469  0.229876  0.280501
    0.0120     2      0.361750  0.519818  0.655662  0.657444  0.166305  0.238321  0.005532  0.010236  0.302902  0.303234
    0.0180     3      0.689868  0.866740  0.622314  0.558825  0.315239  0.394513  0.016779  0.025304  0.286378  0.256319
    0.0240     4      1.046225  1.400061  0.474044  0.263153  0.474041  0.627287  0.035902  0.063477  0.216361  0.117317
    0.0360     5      1.731519  2.028494  0.025842 -0.213233  0.764780  0.880154  0.099509  0.143603  0.006263 -0.105153
    0.0481     6      2.284393  2.496497 -0.437150 -0.635103  0.969849  1.032354  0.195092  0.253145 -0.208870 -0.299773
    0.0601     7      2.664765  2.790949 -0.800753 -0.930969  1.067628  1.076663  0.316832  0.385187 -0.374837 -0.432573
    0.0721     8      2.877945  2.948977 -1.024926 -1.108373  1.061148  0.965286  0.457242  0.608752 -0.472605 -0.501780
    0.0961     9      2.909012  2.788454 -1.068596 -0.930633  0.799444  0.583505  0.764514  0.918744 -0.471221 -0.393638
    0.1202    10      2.613869  2.406949 -0.720859 -0.463758  0.335732  0.071820  1.066817  1.205217 -0.282536 -0.150583
    0.1442    11      2.184519  1.959050 -0.180446  0.111829 -0.195374 -0.455842  1.331432  1.443812 -0.008817  0.133632
    0.1682    12      1.739349  1.338427  0.399610  0.924700 -0.702122 -1.132914  1.541428  1.691447  0.269626  0.502471
    0.2163    13      1.004614  0.740202  1.347703  1.653838 -1.465796 -1.698106  1.783590  1.824164  0.664639  0.748971
    0.2644    14      0.537782  0.386546  1.847681  1.943785 -1.838248 -1.899950  1.821374  1.783849  0.759520  0.706444
    0.3124    15      0.275558  0.195194  1.960576  1.916733 -1.898599 -1.849116  1.719773  1.636444  0.602520  0.460942
    0.3605    16      0.137590  0.067632  1.829272  1.578756 -1.764852 -1.535208  1.540099  1.327985  0.294059 -0.073843
    0.4566    17      0.032823  0.015586  1.293227  1.020659 -1.276036 -1.026230  1.113245  0.913238 -0.434651 -0.749360
    0.5527    18      0.007245  0.003318  0.783628  0.589152 -0.805150 -0.619781  0.736557  0.586096 -0.998671 -1.177462
    0.6489    19      0.001503  0.000676  0.435810  0.318321 -0.470035 -0.352296  0.461349  0.359988 -1.289445 -1.343117
    0.7450    20      0.000302  0.000059  0.230211  0.117843 -0.261583 -0.141217  0.278903  0.164681 -1.348968 -1.259256
    0.9372    21      0.000012  0.000002  0.059203  0.029388 -0.074761 -0.039067  0.095694  0.054984 -1.093672 -0.903549
    1.1295    22      0.000000  0.000000  0.014346  0.006833 -0.020174 -0.010220  0.031316  0.017660 -0.719506 -0.556948
    1.3218    23      0.000000  0.000000  0.003195  0.001473 -0.005086 -0.002498  0.009813  0.005384 -0.421497 -0.313153
    1.5140    24      0.000000  0.000000  0.000672  0.000137 -0.001215 -0.000281  0.002926  0.000846 -0.229097 -0.118100
    1.8985    25      0.000000  0.000000  0.000027  0.000005 -0.000064 -0.000014  0.000240  0.000067 -0.058510 -0.028094
    2.2830    26      0.000000  0.000000  0.000001  0.000000 -0.000003 -0.000001  0.000018  0.000005 -0.013131 -0.005980
    2.6675    27      0.000000  0.000000  0.000000  0.000000 -0.000000 -0.000000  0.000001  0.000000 -0.002669 -0.001173
    3.0520    28      0.000000  0.000000  0.000000  0.000000 -0.000000 -0.000000  0.000000  0.000000 -0.000509 -0.000093
    3.8211    29      0.000000  0.000000  0.000000  0.000000 -0.000000 -0.000000  0.000000  0.000000 -0.000016 -0.000003
    4.5901    30      0.000000  0.000000  0.000000  0.000000 -0.000000 -0.000000  0.000000  0.000000 -0.000000 -0.000000
    5.3591    31      0.000000  0.000000  0.000000  0.000000 -0.000000 -0.000000  0.000000  0.000000 -0.000000 -0.000000
    6.1281    32      0.000000  0.000000  0.000000  0.000000  0.000000  0.000000  0.000000  0.000000 -0.000000 -0.000000
    7.6662    33      0.000000  0.000000  0.000000  0.000000  0.000000  0.000000  0.000000  0.000000 -0.000000 -0.000000
    9.2042    34      0.000000  0.000000  0.000000  0.000000  0.000000  0.000000  0.000000  0.000000 -0.000000 -0.000000
   10.7422    35      0.000000  0.000000  0.000000  0.000000  0.000000  0.000000  0.000000  0.000000 -0.000000 -0.000000
   12.2803    36      0.000000  0.000000  0.000000  0.000000  0.000000  0.000000  0.000000  0.000000  0.000000  0.000000
   15.3564    37      0.000000  0.000000  0.000000  0.000000  0.000000  0.000000  0.000000  0.000000  0.000000  0.000000
   18.4324    38      0.000000  0.000000  0.000000  0.000000  0.000000  0.000000  0.000000  0.000000  0.000000  0.000000
   21.5085    39      0.000000  0.000000  0.000000  0.000000  0.000000  0.000000  0.000000  0.000000  0.000000  0.000000
   24.5846    40      0.000000  0.000000  0.000000  0.000000  0.000000  0.000000  0.000000  0.000000  0.000000  0.000000
1Sn11+  4d24f1         nconf=  3      z= 50     ion=11     kut=-1      exf=0.650     corrf=1.000   ca1=0.700   ca0=0.500



                           pnl( 4p)            pnl( 4d)            pnl( 4f) 
    r (a0)    nc          1         6         1         6         1         6         1         6         1         6


    0.0000     0      0.000000  0.006327  0.000000  0.000048  0.000000  0.000000
    0.0060     1      0.022733  0.046532  0.000356  0.001132  0.000001  0.000004
    0.0120     2      0.075633  0.108325  0.002536  0.004692  0.000012  0.000028
    0.0180     3      0.143193  0.179062  0.007688  0.011590  0.000056  0.000100
    0.0240     4      0.214961  0.283811  0.016437  0.029033  0.000164  0.000373
    0.0360     5      0.345020  0.395632  0.045456  0.065498  0.000720  0.001245
    0.0481     6      0.433999  0.459433  0.088826  0.115023  0.001984  0.002973
    0.0601     7      0.471943  0.472029  0.143627  0.174157  0.004243  0.005823
    0.0721     8      0.460529  0.407134  0.206130  0.272556  0.007739  0.012658
    0.0961     9      0.321391  0.213246  0.339464  0.403929  0.019132  0.027238
    0.1202    10      0.091917 -0.034587  0.463596  0.516668  0.037006  0.048426
    0.1442    11     -0.159654 -0.278127  0.561858  0.598327  0.061455  0.076026
    0.1682    12     -0.386111 -0.560606  0.625615  0.652312  0.092050  0.128040
    0.2163    13     -0.671912 -0.719362  0.643453  0.602929  0.168524  0.212567
    0.2644    14     -0.708635 -0.648667  0.535792  0.447443  0.259273  0.307817
    0.3124    15     -0.549598 -0.421503  0.343135  0.227699  0.357454  0.407524
    0.3605    16     -0.273674  0.049741  0.105415 -0.145165  0.457442  0.554832
    0.4566    17      0.369905  0.655979 -0.385886 -0.602380  0.646257  0.729259
    0.5527    18      0.891298  1.069872 -0.786311 -0.934132  0.802191  0.864117
    0.6489    19      1.192737  1.265099 -1.045690 -1.123068  0.914689  0.954025
    0.7450    20      1.294254  1.254652 -1.169680 -1.187093  0.982578  1.010221
    0.9372    21      1.132629  0.973274 -1.131128 -1.030898  1.004405  0.972452
    1.1295    22      0.806517  0.649895 -0.908806 -0.780632  0.921275  0.856977
    1.3218    23      0.512135  0.396269 -0.656625 -0.542810  0.784728  0.708749
    1.5140    24      0.301963  0.168925 -0.442186 -0.283007  0.632363  0.487684
    1.8985    25      0.090839  0.047361 -0.174221 -0.103993  0.362828  0.261952
    2.2830    26      0.024082  0.011987 -0.060530 -0.034500  0.184369  0.126964
    2.6675    27      0.005855  0.002815 -0.019316 -0.010648  0.085797  0.057032
    3.0520    28      0.001336  0.000292 -0.005788 -0.001653  0.037366  0.015457
    3.8211    29      0.000061  0.000013 -0.000455 -0.000122  0.006136  0.002356
    4.5901    30      0.000003  0.000000 -0.000032 -0.000008  0.000879  0.000321
    5.3591    31      0.000000  0.000000 -0.000002 -0.000001  0.000115  0.000040
    6.1281    32      0.000000  0.000000 -0.000000 -0.000000  0.000014  0.000002
    7.6662    33      0.000000  0.000000 -0.000000 -0.000000  0.000000  0.000000
    9.2042    34      0.000000  0.000000 -0.000000 -0.000000  0.000000  0.000000
   10.7422    35      0.000000  0.000000 -0.000000 -0.000000  0.000000  0.000000
   12.2803    36      0.000000  0.000000  0.000000  0.000000  0.000000  0.000000
   15.3564    37      0.000000  0.000000  0.000000  0.000000  0.000000  0.000000
   18.4324    38      0.000000  0.000000  0.000000  0.000000  0.000000  0.000000
   21.5085    39      0.000000  0.000000  0.000000  0.000000  0.000000  0.000000
   24.5846    40      0.000000  0.000000  0.000000  0.000000  0.000000  0.000000
1Sn11+  4d24f1         nconf=  3      z= 50     ion=11     kut=-1      exf=0.650     corrf=1.000   ca1=0.700   ca0=0.500






  nl   wnl         ee          az      (r-3)      (r-2)      (r-1)      (r+1)      (r+2)      (r+3)      (r+4)      (r+6)

  1s    2.   -2174.69277   1005.977  0.000E+00  6.061E+03  5.299E+01  2.909E-02  1.145E-03  5.695E-05  3.425E-06  1.963E-08
  2s    2.    -350.03092    340.319  0.000E+00  6.771E+02  1.212E+01  1.254E-01  1.854E-02  3.119E-03  5.913E-04  2.948E-05
  2p    6.    -316.01477   4070.474  4.498E+03  1.834E+02  1.160E+01  1.098E-01  1.472E-02  2.335E-03  4.293E-04  2.123E-05
  3s    2.     -83.80470    150.594  0.000E+00  1.343E+02  4.339E+00  3.365E-01  1.294E-01  5.484E-02  2.542E-02  7.058E-03
  3p    6.     -72.33140   1881.922  8.382E+02  3.628E+01  4.115E+00  3.348E-01  1.298E-01  5.608E-02  2.673E-02  8.031E-03
  3d   10.     -54.53343   4337.321  1.204E+02  1.890E+01  3.885E+00  3.120E-01  1.151E-01  4.931E-02  2.415E-02  8.246E-03
  4s    2.     -26.72811     69.762  0.000E+00  2.944E+01  1.776E+00  7.782E-01  6.794E-01  6.443E-01  6.580E-01  8.481E-01
  4p    6.     -22.67653    856.834  1.694E+02  7.926E+00  1.650E+00  8.197E-01  7.580E-01  7.644E-01  8.334E-01  1.238E+00
  4d    2.     -17.21660   1989.698  2.105E+01  3.816E+00  1.458E+00  8.954E-01  9.154E-01  1.032E+00  1.271E+00  2.465E+00
  4f    1.     -11.23418    719.569  2.806E+00  1.585E+00  1.138E+00  1.044E+00  1.263E+00  1.737E+00  2.674E+00  8.480E+00

       39.                                      1.537E+04  2.895E+02  1.608E+01  1.132E+01  1.063E+01  1.199E+01  2.268E+01

        1.                                      3.941E+02  7.423E+00  4.123E-01  2.902E-01  2.727E-01  3.074E-01  5.815E-01



            --------------------zeta---------------------
  nl   wnl    ----blume-watson----     -----(r*vi)-----     i (ryd)      eps s       evel       edar   evel+edar    erel
                 (ryd)      (cm-1)     (ryd)      (cm-1)
  1s    2.      0.00000       0.000   0.00000       0.000-2585.18869 -2164.85204 -528.26051  440.06524  -88.195 -2253.04731
  2s    2.      0.00000       0.000   0.00000       0.000 -646.69833  -346.62759  -73.00264   48.93746  -24.065  -370.69277
  2p    6.     11.22806 1232136.879  11.52824 1265078.420 -630.22040  -314.85511   -9.43021    0.00185   -9.430  -324.28532
  3s    2.      0.00000       0.000   0.00000       0.000 -270.29867   -82.25618  -14.91788    9.54401   -5.374   -87.63006
  3p    6.      2.09029  229382.970   2.14108  234956.183 -261.54908   -71.66192   -2.30459    0.00177   -2.305   -73.96651
  3d   10.      0.24474   26856.908   0.26103   28645.269 -252.06770   -55.21671   -0.53632   -0.01432   -0.536   -55.75303
  4s    2.      0.00000       0.000   0.00000       0.000 -130.49415   -26.49300   -3.24189    2.04628   -1.196   -27.68861
  4p    6.      0.42212   46321.834   0.43178   47382.592 -123.38461   -22.95839   -0.49761    0.00046   -0.498   -23.45600
  4d    2.      0.04272    4687.707   0.04525    4966.143 -111.78514   -17.54983   -0.11304   -0.00235   -0.113   -17.66287
  4f    1.      0.00311     341.425   0.00368     404.044  -92.61051   -11.69433   -0.01308   -0.00049   -0.013   -11.70741
1Sn11+  4d24f1         nconf=  3      z= 50     ion=11     kut=-1      exf=0.650     corrf=1.000   ca1=0.700   ca0=0.500





0               without correlation                with correlation
              -----------------------           -----------------------
  nl   wnl       eps fg      eps fgr    corr       eps fg      eps fgr     n*r     n*rc     ect     ec-----------------

  1s    2.   -2174.61022  -2174.61022-0.08293  -2174.69315  -2174.69315  0.2573  0.2573  -0.08271   0.00000-0.0827
  2s    2.    -349.94850   -349.94850-0.08240   -350.03090   -350.03090  0.6415  0.6414  -0.23238  -0.06852-0.0812
  2p    6.    -315.93258   -315.93258-0.08248   -316.01506   -316.01506  0.6751  0.6750  -0.72474  -0.08179-0.0819-0.0821-0.0822
  3s    2.     -83.72329    -83.72329-0.08128    -83.80457    -83.80457  1.3115  1.3108  -0.87196  -0.06879-0.0784
  3p    6.     -72.25013    -72.25013-0.08128    -72.33141    -72.33141  1.4118  1.4110  -1.35169  -0.07922-0.0797-0.0799-0.0804
  3d   10.     -54.45202    -54.45202-0.08140    -54.53342    -54.53342  1.6262  1.6250  -2.16139  -0.08069-0.0808-0.0808-0.0812
  4s    2.     -26.64938    -26.64938-0.07822    -26.72759    -26.72759  2.3245  2.3211  -2.30321  -0.06758-0.0742
  4p    6.     -22.59862    -22.59862-0.07782    -22.67643    -22.67643  2.5243  2.5200  -2.76014  -0.07466-0.0756-0.0761-0.0771
  4d    2.     -17.13945    -17.13945-0.07689    -17.21634    -17.21634  2.8986  2.8921  -2.91291  -0.07623-0.0765
  4f    1.     -11.16004    -11.16004-0.07412    -11.23416    -11.23416  3.5921  3.5802  -2.98703  -0.07412

0                           ecorrt=  -3.14105 (old)              ect=  -2.98703 (new)     etotrl=      0.00000 +  0.00000 +  0.00000

      etot= -12258.82594 -12258.82594         -12261.96698 -12261.96698 -12261.81296 -12261.81296 -12261.81296


 Sn11+  4d24f1         10 -12261.8130 0  114.4540 1   77.2587 1    4.6877 2    0.3414 2
   103.2827 3   67.4778 3  123.1213 4   78.6070 4   56.0168 4


0    t(run)=  0.05,     t(job)=   0.10 seconds
