1
   Sn7+   4p64d7           nconf=  1    z= 50    ncores= 8    nvales= 1    ion= 7    r(i)/x(i)=0.24031862      ca1=0.700

 tolstb=1.000   tolk-2=0.20000   tolend= 0.5E-07   thresh= 0.1E-10   kut=-1    exf=0.650   corrf=1.000      ca0= 0.500

0rcn mod 36  ihf1= 2        mesh= 641   idb= 641   rdb=1574.928   emx=   0.00   r(mesh)=1574.928     irel= 1     ib= 641
0hfr      energy = e(av)


0    t(run)=  0.05,     t(job)=   0.05 seconds
1Sn7+   4p64d7         nconf=  1      z= 50     ion= 7     kut=-1      exf=0.650     corrf=1.000   ca1=0.700   ca0=0.500



                           rscore(i)           rsvale(i)           rsatom(i)           pnl( 1s)            pnl( 2s) 
    r (a0)    nc          1         6         1         6         1         6         1         6         1         6


    0.0000     0       0.00000   9.85314   0.00000   0.00000   0.00000   9.85314  0.000000  2.079693  0.000000  0.696575
    0.0060     1      26.58599  41.98554   0.00000   0.00001  26.58599  41.98554  3.418631  4.297029  1.126282  1.380579
    0.0120     2      53.35415  60.35344   0.00004   0.00012  53.35419  60.35356  4.839802  5.133494  1.500649  1.516237
    0.0180     3      63.65315  64.25601   0.00033   0.00075  63.65348  64.25676  5.242443  5.215703  1.450613  1.322539
    0.0240     4      63.16475  59.11617   0.00151   0.00470  63.16626  59.12087  5.091049  4.658020  1.147344  0.703758
    0.0360     5      55.97663  55.51332   0.01153   0.02395  55.98817  55.53727  4.104962  3.525710  0.196111 -0.324963
    0.0481     6      57.77210  61.96462   0.04406   0.07389  57.81616  62.03851  2.972135  2.470288 -0.826007 -1.285697
    0.0601     7      67.06630  72.14475   0.11524   0.16949  67.18154  72.31424  2.030637  1.654574 -1.692138 -2.039724
    0.0721     8      76.50238  81.57101   0.23752   0.41561  76.73991  81.98661  1.338509  0.861354 -2.327192 -2.730253
    0.0961     9      81.39326  77.24915   0.64534   0.91479  82.03860  78.16395  0.545002  0.340618 -2.932735 -2.976676
    0.1202    10      71.12705  64.83713   1.20672   1.50130  72.33376  66.33843  0.210937   Eav & pars     4 -12318.1575 0103.8464 1 69.3900 1  3.7722 2
 finished  Sn7+   4p64d7   at   t(run)=  0.05,     t(job)=   0.05 seconds


 Sn7+   4p54d8      Z= 50   Ion stage=  7   Noelec= 43   IREL=1   EMX=  0.00   IDB= 641   R( 641)=1574.9

  it  time   delta  idel kut itp  1s    2s    2p    3s    3p    3d    4s    4p    4d
                                   2.    2.    6.    2.    6.   10.    2.    5.    8.
   1  0.00 -0.635548 142  0   1  0.400 0.000 0.000 0.000 0.000 0.000 0.000 0.000 0.000
   2  0.00  0.332285 126  0   1  0.400 0.000 0.000 0.000 0.000 0.000 0.000 0.000 0.000
   3  0.00  0.184390 123  0   2  0.320 0.320 0.320 0.320 0.320 0.320 0.320 0.320 0.320
   4  0.01 -0.044367 129 -1   2  0.320 0.320 0.320 0.320 0.320 0.320 0.320 0.320 0.320
   5  0.02 -0.030999 124 -1   3  0.480 0.320 0.480 0.480 0.480 0.480 0.480 0.480 0.480
   6  0.02  0.013349 258 -1   4  0.720 0.480 0.720 0.720 0.720 0.720 0.720 0.720 0.720
   7  0.02  0.006909 208 -1   5  0.720 0.720 1.000 1.000 1.000 1.000 1.000 1.000 1.000
   8  0.02 -0.003335 190 -1   6  0.480 1.000 1.000 1.000 1.000 1.000 1.000 1.000 1.000
   9  0.02  0.001385 183 -1   7  0.720 1.000 1.000 0.667 0.667 0.667 0.667 0.667 0.667
  10  0.03 -0.000155 170 -1   8  1.000 0.667 0.667 0.667 0.667 0.667 0.667 0.667 0.667
  11  0.03  0.000022 181 -1   9  1.000 0.667 0.667 0.444 0.444 0.444 0.667 0.667 0.444
  12  0.03  0.000006 146 -1  10  0.667 1.000 1.000 0.667 0.667 0.667 0.667 0.667 0.667
  13  0.03 -0.000001 183 -1  11  0.667 1.000 1.000 0.667 0.667 0.667 1.000 1.000 0.667
  14  0.03  0.000001 176 -1  12  0.444 0.667 1.000 1.000 1.000 1.000 1.000 1.000 1.000
  15  0.03 -0.000000 179 -1  13  0.667 1.000 1.000 1.000 0.667 0.667 0.667 0.667 0.667
  16  0.03  0.000000 176 -1  14  0.667 0.667 0.667 0.667 0.444 0.667 0.667 0.667 0.667
 Eav & pars     8 -12312.6667 0104.0523 1 69.5305 1 41.7105 2  3.8006 2
 110.6633 3140.6138 4 87.6525 4
 finished  Sn7+   4p54d8   at   t(run)=  0.06,     t(job)=   0.11 seconds


 Sn7+   4d64f1      Z= 50   Ion stage=  7   Noelec= 43   IREL=1   EMX=  0.00   IDB= 641   R( 641)=1574.9

  it  time   delta  idel kut itp  1s    2s    2p    3s    3p    3d    4s    4p    4d    4f
                                   2.    2.    6.    2.    6.   10.    2.    6.    6.    1.
   1  0.00 -0.692078 141  0   1  0.400 0.000 0.000 0.000 0.000 0.000 0.000 0.000 0.000 0.000
   2  0.00  0.318111 130  0   1  0.400 0.000 0.000 0.000 0.000 0.000 0.000 0.000 0.000 0.000
   3  0.00  0.175006 127  0   2  0.320 0.320 0.320 0.320 0.320 0.320 0.320 0.320 0.320 0.320
   4  0.00 -0.041782 127 -1   2  0.320 0.320 0.320 0.320 0.320 0.320 0.320 0.320 0.320 0.320
   5  0.00 -0.029292 122 -1   3  0.480 0.320 0.480 0.480 0.480 0.480 0.480 0.480 0.480 0.480
   6  0.00  0.018389 219 -1   4  0.720 0.480 0.720 0.720 0.720 0.720 0.720 0.720 0.720 0.720
   7  0.00  0.007881 212 -1   5  0.720 0.720 1.000 1.000 1.000 1.000 1.000 1.000 1.000 1.000
   8  0.02 -0.003307 193 -1   6  0.480 1.000 1.000 1.000 1.000 1.000 1.000 1.000 1.000 1.000
   9  0.02  0.001407 187 -1   7  0.720 1.000 1.000 1.000 0.667 0.667 0.667 0.667 0.667 0.667
  10  0.02 -0.000165 174 -1   8  1.000 0.667 0.667 0.667 0.667 0.667 0.667 0.667 0.667 0.667
  11  0.02  0.000023 188 -1   9  1.000 0.667 0.667 0.667 0.444 0.444 0.667 0.667 0.444 0.444
  12  0.02  0.000005 193 -1  10  1.000 1.000 1.000 1.000 0.667 0.667 0.667 0.667 0.667 0.667
  13  0.02 -0.000001 182 -1  11  0.667 1.000 1.000 1.000 0.667 0.667 1.000 1.000 0.667 0.667
  14  0.04  0.000001 177 -1  12  0.667 0.667 1.000 1.000 1.000 1.000 1.000 1.000 1.000 1.000
  15  0.04 -0.000000 180 -1  13  1.000 1.000 1.000 1.000 0.667 0.667 0.667 0.667 0.667 0.667
  16  0.04  0.000000 178 -1  14  1.000 0.667 0.667 0.667 0.444 0.667 0.667 0.667 0.667 0.667
  17  0.04 -0.000000 190 -1  15  0.667 0.667 0.667 1.000 0.667 0.667 0.667 0.667 0.667 0.667
 Eav & pars    10 -12313.1348 0104.8944 1 70.1564 1  3.8653 2  0.1578 2
  76.9000 3 48.4451 3 90.9917 4 55.9193 4 39.2289 4
 finished  Sn7+   4d64f1   at   t(run)=  0.06,     t(job)=   0.17 seconds
.
Finished at                                   0:00:21.84, Thu 07/17/2025
Time spent:                                  0 hr 0 min 0.19 sec
  0.101862  0.000772  0.002456  0.220188  0.268687
    0.0120     2      0.361644  0.519665  0.653532  0.655317  0.165641  0.237370  0.005504  0.010183  0.290154  0.290487
    0.0180     3      0.689665  0.866485  0.620314  0.557044  0.313984  0.392945  0.016694  0.025175  0.274359  0.245586
    0.0240     4      1.045916  1.399647  0.472554  0.262379  0.472162  0.624815  0.035719  0.063154  0.207334  0.112507
    0.0360     5      1.731006  2.027896  0.025865 -0.212414  0.761792  0.876752  0.099003  0.142874  0.006168 -0.100532
    0.0481     6      2.283723  2.495772 -0.435598 -0.632921  0.966152  1.028487  0.194104  0.251866 -0.199878 -0.286975
    0.0601     7      2.664004  2.790170 -0.798067 -0.927916  1.063716  1.072827  0.315236  0.383254 -0.358929 -0.414315
    0.0721     8      2.877168  2.948257 -1.021647 -1.105049  1.057503  0.962316  0.454957  0.605744 -0.452774 -0.481027
    0.0961     9      2.908414  2.788030 -1.065703 -0.928543  0.797462  0.582719  0.760788  0.914346 -0.452151 -0.378282
    0.1202    10      2.613654  2.406960 -0.719825 -0.463921  0.336249  0.073657  1.061821  1.199722 -0.272308 -0.146320
    0.1442    11      2.184759  1.959507 -0.181842  0.109249 -0.192278 -0.451607  1.325552  1.437672 -0.010843  0.125418
    0.1682    12      1.740000  1.339375  0.395961  0.919425 -0.696910 -1.126333  1.535154  1.685275  0.255651  0.479159
    0.2163    13      1.005724  0.741351  1.341612  1.647720 -1.458671 -1.691192  1.777958  1.819409  0.635705  0.718356
    0.2644    14      0.538877  0.387529  1.842188  1.939384 -1.832150 -1.895091  1.817725  1.781431  0.730828  0.682648
    0.3124    15      0.276400  0.195885  1.957543  1.915183 -1.895230 -1.847338  1.718622  1.636527  0.585834  0.452823
    0.3605    16      0.138138  0.067942  1.829188  1.581237 -1.764651 -1.537815  1.541333  1.331161  0.295266 -0.054017
    0.4566    17      0.032975  0.015655  1.297540  1.026055 -1.280752 -1.032318  1.117825  0.918722 -0.399068 -0.702709
    0.5527    18      0.007275  0.003331  0.789498  0.595057 -0.811979 -0.626867  0.742538  0.592270 -0.946322 -1.124627
    0.6489    19      0.001509  0.000678  0.441467  0.323565 -0.477038 -0.358987  0.467494  0.365951 -1.240658 -1.301969
    0.7450    20      0.000303  0.000060  0.234957  0.121542 -0.267823 -0.146361  0.284578  0.169590 -1.318025 -1.252527
    0.9372    21      0.000012  0.000002  0.061948  0.031347 -0.078784 -0.042083  0.099732  0.058167 -1.111014 -0.940708
    1.1295    22      0.000000  0.000000  0.015672  0.007645 -0.022341 -0.011667  0.033732  0.019436 -0.770396 -0.615330
    1.3218    23      0.000000  0.000000  0.003658  0.001727 -0.005975 -0.003017  0.011065  0.006227 -0.481992 -0.371690
    1.5140    24      0.000000  0.000000  0.000807  0.000172 -0.001508 -0.000369  0.003476  0.001065 -0.282968 -0.159026
    1.8985    25      0.000000  0.000000  0.000036  0.000007 -0.000088 -0.000021  0.000321  0.000096 -0.086546 -0.045940
    2.2830    26      0.000000  0.000000  0.000002  0.000000 -0.000005 -0.000001  0.000028  0.000008 -0.023888 -0.012173
    2.6675    27      0.000000  0.000000  0.000000  0.000000 -0.000000 -0.000000  0.000002  0.000001 -0.006067 -0.002973
    3.0520    28      0.000000  0.000000  0.000000  0.000000 -0.000000 -0.000000  0.000000  0.000000 -0.001440 -0.000329
    3.8211    29      0.000000  0.000000  0.000000  0.000000 -0.000000 -0.000000  0.000000  0.000000 -0.000073 -0.000016
    4.5901    30      0.000000  0.000000  0.000000  0.000000 -0.000000 -0.000000  0.000000  0.000000 -0.000003 -0.000001
    5.3591    31      0.000000  0.000000  0.000000  0.000000 -0.000000 -0.000000  0.000000  0.000000 -0.000000 -0.000000
    6.1281    32      0.000000  0.000000  0.000000  0.000000  0.000000  0.000000  0.000000  0.000000 -0.000000 -0.000000
    7.6662    33      0.000000  0.000000  0.000000  0.000000  0.000000  0.000000  0.000000  0.000000 -0.000000 -0.000000
    9.2042    34      0.000000  0.000000  0.000000  0.000000  0.000000  0.000000  0.000000  0.000000 -0.000000 -0.000000
   10.7422    35      0.000000  0.000000  0.000000  0.000000  0.000000  0.000000  0.000000  0.000000 -0.000000 -0.000000
   12.2803    36      0.000000  0.000000  0.000000  0.000000  0.000000  0.000000  0.000000  0.000000  0.000000  0.000000
   15.3564    37      0.000000  0.000000  0.000000  0.000000  0.000000  0.000000  0.000000  0.000000  0.000000  0.000000
   18.4324    38      0.000000  0.000000  0.000000  0.000000  0.000000  0.000000  0.000000  0.000000  0.000000  0.000000
   21.5085    39      0.000000  0.000000  0.000000  0.000000  0.000000  0.000000  0.000000  0.000000  0.000000  0.000000
   24.5846    40      0.000000  0.000000  0.000000  0.000000  0.000000  0.000000  0.000000  0.000000  0.000000  0.000000
1Sn7+   4p64d7         nconf=  1      z= 50     ion= 7     kut=-1      exf=0.650     corrf=1.000   ca1=0.700   ca0=0.500



                           pnl( 4p)            pnl( 4d) 
    r (a0)    nc          1         6         1         6         1         6         1         6         1         6


    0.0000     0      0.000000  0.005980  0.000000  0.000043
    0.0060     1      0.021487  0.043983  0.000318  0.001011
    0.0120     2      0.071491  0.102396  0.002264  0.004189
    0.0180     3      0.135358  0.169270  0.006864  0.010348
    0.0240     4      0.203214  0.268328  0.014676  0.025923
    0.0360     5      0.326238  0.374153  0.040590  0.058492
    0.0481     6      0.410518  0.434682  0.079332  0.102741
    0.0601     7      0.446652  0.446899  0.128309  0.155606
    0.0721     8      0.436213  0.386149  0.184205  0.243664
    0.0961     9      0.305532  0.203722  0.303629  0.361504
    0.1202    10      0.089393 -0.029923  0.415196  0.463110
    0.1442    11     -0.148012 -0.260022  0.504099  0.537415
    0.1682    12     -0.362288 -0.528164  0.562643  0.588503
    0.2163    13     -0.635017 -0.682113  0.582930  0.549277
    0.2644    14     -0.674650 -0.620881  0.491920  0.415550
    0.3124    15     -0.530191 -0.411919  0.324732  0.223669
    0.3605    16     -0.274687  0.027450  0.116092 -0.105932
    0.4566    17      0.329003  0.601095 -0.321478 -0.517916
    0.5527    18      0.827939  1.003598 -0.687813 -0.827863
    0.6489    19      1.128622  1.207413 -0.937674 -1.018765
    0.7450    20      1.246316  1.232301 -1.073781 -1.118568
    0.9372    21      1.138344  1.004518 -1.098214 -1.035692
    1.1295    22      0.857873  0.714871 -0.948794 -0.850348
    1.3218    23      0.584428  0.470511 -0.749125 -0.650822
    1.5140    24      0.374043  0.229329 -0.558909 -0.400731
    1.8985    25      0.136214  0.078943 -0.278811 -0.189413
    2.2830    26      0.044856  0.025068 -0.126189 -0.082702
    2.6675    27      0.013800  0.007477 -0.053448 -0.034128
    3.0520    28      0.003997  0.001109 -0.021562 -0.008379
    3.8211    29      0.000299  0.000079 -0.003161 -0.001165
    4.5901    30      0.000020  0.000005 -0.000421 -0.000149
    5.3591    31      0.000001  0.000000 -0.000052 -0.000018
    6.1281    32      0.000000  0.000000 -0.000006 -0.000001
    7.6662    33      0.000000  0.000000 -0.000000 -0.000000
    9.2042    34      0.000000  0.000000 -0.000000 -0.000000
   10.7422    35      0.000000  0.000000 -0.000000 -0.000000
   12.2803    36      0.000000  0.000000 -0.000000 -0.000000
   15.3564    37      0.000000  0.000000 -0.000000 -0.000000
   18.4324    38      0.000000  0.000000 -0.000000 -0.000000
   21.5085    39      0.000000  0.000000 -0.000000 -0.000000
   24.5846    40      0.000000  0.000000  0.000000  0.000000
1Sn7+   4p64d7         nconf=  1      z= 50     ion= 7     kut=-1      exf=0.650     corrf=1.000   ca1=0.700   ca0=0.500






  nl   wnl         ee          az      (r-3)      (r-2)      (r-1)      (r+1)      (r+2)      (r+3)      (r+4)      (r+6)

  1s    2.   -2165.85578   1006.026  0.000E+00  6.062E+03  5.299E+01  2.909E-02  1.145E-03  5.695E-05  3.425E-06  1.963E-08
  2s    2.    -341.17291    340.225  0.000E+00  6.767E+02  1.212E+01  1.254E-01  1.855E-02  3.123E-03  5.924E-04  2.957E-05
  2p    6.    -307.14861   4069.339  4.495E+03  1.834E+02  1.159E+01  1.099E-01  1.473E-02  2.338E-03  4.303E-04  2.132E-05
  3s    2.     -75.43207    150.106  0.000E+00  1.334E+02  4.325E+00  3.375E-01  1.301E-01  5.537E-02  2.578E-02  7.244E-03
  3p    6.     -63.95823   1874.407  8.318E+02  3.604E+01  4.100E+00  3.360E-01  1.308E-01  5.681E-02  2.725E-02  8.330E-03
  3d   10.     -46.14812   4315.220  1.194E+02  1.879E+01  3.873E+00  3.132E-01  1.161E-01  5.005E-02  2.469E-02  8.604E-03
  4s    2.     -19.56462     66.823  0.000E+00  2.709E+01  1.708E+00  8.058E-01  7.309E-01  7.241E-01  7.775E-01  1.131E+00
  4p    6.     -15.77431    809.885  1.516E+02  7.180E+00  1.569E+00  8.589E-01  8.359E-01  8.937E-01  1.042E+00  1.814E+00
  4d    7.     -10.23085   1776.310  1.707E+01  3.212E+00  1.331E+00  9.810E-01  1.109E+00  1.401E+00  1.960E+00  5.108E+00

       43.                                      1.537E+04  2.939E+02  2.042E+01  1.657E+01  1.759E+01  2.199E+01  4.905E+01

        1.                                      3.574E+02  6.835E+00  4.750E-01  3.854E-01  4.090E-01  5.115E-01  1.141E+00



            --------------------zeta---------------------
  nl   wnl    ----blume-watson----     -----(r*vi)-----     i (ryd)      eps s       evel       edar   evel+edar    erel
                 (ryd)      (cm-1)     (ryd)      (cm-1)
  1s    2.      0.00000       0.000   0.00000       0.000-2585.19251 -2156.02329 -528.28694  440.10160  -88.185 -2244.20863
  2s    2.      0.00000       0.000   0.00000       0.000 -646.66647  -337.76077  -72.95848   48.90940  -24.049  -361.80985
  2p    6.     11.22209 1231481.403  11.52181 1264372.895 -630.18097  -305.96730   -9.42410    0.00149   -9.424  -315.39140
  3s    2.      0.00000       0.000   0.00000       0.000 -269.98730   -73.90488  -14.81909    9.48210   -5.337   -79.24187
  3p    6.      2.07411  227607.648   2.12457  233144.507 -261.14586   -63.30331   -2.28538    0.00173   -2.285   -65.58869
  3d   10.      0.24257   26619.418   0.25878   28397.747 -251.65855   -46.79039   -0.53126   -0.01432   -0.531   -47.32164
  4s    2.      0.00000       0.000   0.00000       0.000 -127.57102   -19.17745   -2.97308    1.87748   -1.096   -20.27304
  4p    6.      0.37752   41428.241   0.38617   42376.765 -119.57789   -15.77240   -0.44385    0.00043   -0.444   -16.21624
  4d    7.      0.03438    3772.226   0.03642    3996.930 -104.84355   -10.60532   -0.09024   -0.00191   -0.090   -10.69556
1Sn7+   4p64d7         nconf=  1      z= 50     ion= 7     kut=-1      exf=0.650     corrf=1.000   ca1=0.700   ca0=0.500





0               without correlation                with correlation
              -----------------------           -----------------------
  nl   wnl       eps fg      eps fgr    corr       eps fg      eps fgr     n*r     n*rc     ect     ec-----------------

  1s    2.   -2165.77325  -2165.77325-0.08293  -2165.85618  -2165.85618  0.1719  0.1719  -0.08271   0.00000-0.0827
  2s    2.    -341.09048   -341.09048-0.08240   -341.17288   -341.17288  0.4332  0.4331  -0.23236  -0.06850-0.0811
  2p    6.    -307.06638   -307.06638-0.08248   -307.14887   -307.14887  0.4565  0.4565  -0.72472  -0.08179-0.0819-0.0821-0.0822
  3s    2.     -75.35071    -75.35071-0.08128    -75.43199    -75.43199  0.9216  0.9211  -0.87182  -0.06868-0.0784
  3p    6.     -63.87701    -63.87701-0.08128    -63.95829    -63.95829  1.0010  1.0003  -1.35145  -0.07920-0.0796-0.0799-0.0804
  3d   10.     -46.06671    -46.06671-0.08141    -46.14811    -46.14811  1.1787  1.1776  -2.16102  -0.08068-0.0808-0.0808-0.0812
  4s    2.     -19.48599    -19.48599-0.07847    -19.56446    -19.56446  1.8123  1.8087  -2.30113  -0.06632-0.0738
  4p    6.     -15.69646    -15.69646-0.07804    -15.77451    -15.77451  2.0192  2.0142  -2.75532  -0.07407-0.0751-0.0757-0.0768
  4d    7.     -10.15414    -10.15414-0.07675    -10.23089    -10.23089  2.5105  2.5011  -3.28782  -0.07515-0.0756-0.0759-0.0767

0                           ecorrt=  -3.45232 (old)              ect=  -3.28782 (new)     etotrl=      0.00000 +  0.00000 +  0.00000

      etot= -12314.86967 -12314.86967         -12318.32198 -12318.32198 -12318.15749 -12318.15749 -12318.15749


 Sn7+   4p64d7          4 -12318.1575 0  103.8464 1   69.3900 1    3.7722 2


0    t(run)=  0.05,     t(job)=   0.05 seconds
1
   Sn7+   4p54d8           nconf=  2    z= 50    ncores= 8    nvales= 1    ion= 7    r(i)/x(i)=0.24031862      ca1=0.700

 tolstb=1.000   tolk-2=0.20000   tolend= 0.5E-07   thresh= 0.1E-10   kut=-1    exf=0.650   corrf=1.000      ca0= 0.500

0rcn mod 36  ihf1= 2        mesh= 641   idb= 641   rdb=1574.928   emx=   0.00   r(mesh)=1574.928     irel= 1     ib= 641
0hfr      energy = e(av)


0    t(run)=  0.05,     t(job)=   0.10 seconds
1Sn7+   4p54d8         nconf=  2      z= 50     ion= 7     kut=-1      exf=0.650     corrf=1.000   ca1=0.700   ca0=0.500



                           rscore(i)           rsvale(i)           rsatom(i)           pnl( 1s)            pnl( 2s) 
    r (a0)    nc          1         6         1         6         1         6         1         6         1         6


    0.0000     0       0.00000   9.85355   0.00000   0.00000   0.00000   9.85355  0.000000  2.079722  0.000000  0.696611
    0.0060     1      26.58670  41.98539   0.00000   0.00001  26.58670  41.98539  3.418678  4.297086  1.126338  1.380645
    0.0120     2      53.35121  60.34530   0.00004   0.00014  53.35126  60.34544  4.839863  5.133554  1.500716  1.516298
    0.0180     3      63.63719  64.22967   0.00038   0.00086  63.63757  64.23053  5.242498  5.215751  1.450662  1.322573
    0.0240     4      63.12572  59.04653   0.00174   0.00542  63.12745  59.05195  5.091088  4.658037  1.147359  0.703731
    0.0360     5      55.87306  55.37708   0.01329   0.02760  55.88635  55.40468  4.104956  3.525682  0.196040 -0.325074
    0.0481     6      57.60842  61.78160   0.05076   0.08514  57.65918  61.86673  2.972090  2.470229 -0.826151 -1.285865
    0.0601     7      66.87366  71.95256   0.13278   0.19527  67.00644  72.14783  2.030570  1.654502 -1.692321 -2.039912
    0.0721     8      76.32003  81.43005   0.27363   0.47874  76.59366  81.90879  1.338435  0.861286 -2.327377 -2.730410
    0.0961     9      81.30813  77.21646   0.74328   1.05349  82.05141  78.26995  0.544946  0.340576 -2.932848 -2.976738
    0.1202    10      71.12933  64.84881   1.38947   1.72840  72.51880  66.57720  0.210907  0.129695 -2.903923 -2.751175
    0.1442    11      59.62630  56.10589   2.04755   2.32670  61.67384  58.43260  0.079296  0.048200 -2.548530 -2.319252
    0.1682    12      54.42859  55.59309   2.54976   2.78822  56.97835  58.38130  0.029098  0.010430 -2.080543 -1.619344
    0.2163    13      59.87158  63.98146   2.73405   2.42563  62.60563  66.40709  0.003678  0.001282 -1.219054 -0.895799
    0.2644    14      65.91513  65.00830   1.94349   1.38482  67.85862  66.39312  0.000444  0.000152 -0.646541 -0.460346
    0.3124    15      61.52518  56.19267   0.84364   0.39842  62.36882  56.59109  0.000052  0.000018 -0.324388 -0.226765
    0.3605    16      49.85176  36.95934   0.10595   0.09309  49.95771  37.05243  0.000006  0.000001 -0.157545 -0.075016
    0.4566    17      26.58001  19.75361   0.84068   2.17255  27.42069  21.92615  0.000000  0.000000 -0.035179 -0.016105
    0.5527    18      15.96317  14.17548   3.82309   5.52966  19.78626  19.70515  0.000000  0.000000 -0.007197 -0.003163
    0.6489    19      13.42688  13.03763   7.08458   8.35306  20.51147  21.39069  0.000000  0.000000 -0.001374 -0.000592
    0.7450    20      12.62110  11.18559   9.26931  10.03756  21.89042  21.22315  0.000000  0.000000 -0.000253 -0.000046
    0.9372    21       9.08217   6.83898   9.65619   8.57152  18.73836  15.41051  0.000000  0.000000 -0.000008 -0.000001
    1.1295    22       4.85422   3.29062   7.18040   5.75776  12.03463   9.04838  0.000000  0.000000 -0.000000 -0.000000
    1.3218    23       2.15120   1.36586   4.46142   3.36236   6.61262   4.72822  0.000000  0.000000 -0.000000 -0.000000
    1.5140    24       0.84667   0.30725   2.47629   1.26984   3.32296   1.57709  0.000000  0.000000 -0.000000 -0.000000
    1.8985    25       0.10509   0.03434   0.61337   0.28254   0.71845   0.31688  0.000000  0.000000 -0.000000 -0.000000
    2.2830    26       0.01082   0.00331   0.12518   0.05368   0.13600   0.05699  0.000000  0.000000 -0.000000 -0.000000
    2.6675    27       0.00098   0.00028   0.02239   0.00911   0.02337   0.00940  0.000000  0.000000 -0.000000 -0.000000
    3.0520    28       0.00008   0.00001   0.00363   0.00055   0.00371   0.00055  0.000000  0.000000  0.000000  0.000000
    3.8211    29       0.00000   0.00000   0.00008   0.00001   0.00008   0.00001  0.000000  0.000000  0.000000  0.000000
    4.5901    30       0.00000   0.00000   0.00000   0.00000   0.00000   0.00000  0.000000  0.000000  0.000000  0.000000
    5.3591    31       0.00000   0.00000   0.00000   0.00000   0.00000   0.00000  0.000000  0.000000  0.000000  0.000000
    6.1281    32       0.00000   0.00000   0.00000   0.00000   0.00000   0.00000  0.000000  0.000000  0.000000  0.000000
    7.6662    33       0.00000   0.00000   0.00000   0.00000   0.00000   0.00000  0.000000  0.000000  0.000000  0.000000
    9.2042    34       0.00000   0.00000   0.00000   0.00000   0.00000   0.00000  0.000000  0.000000  0.000000  0.000000
   10.7422    35       0.00000   0.00000   0.00000   0.00000   0.00000   0.00000  0.000000  0.000000  0.000000  0.000000
   12.2803    36       0.00000   0.00000   0.00000   0.00000   0.00000   0.00000  0.000000  0.000000  0.000000  0.000000
   15.3564    37       0.00000   0.00000   0.00000   0.00000   0.00000   0.00000  0.000000  0.000000  0.000000  0.000000
   18.4324    38       0.00000   0.00000   0.00000   0.00000   0.00000   0.00000  0.000000  0.000000  0.000000  0.000000
   21.5085    39       0.00000   0.00000   0.00000   0.00000   0.00000   0.00000  0.000000  0.000000  0.000000  0.000000
   24.5846    40       0.00000   0.00000   0.00000   0.00000   0.00000   0.00000  0.000000  0.000000  0.000000  0.000000
1Sn7+   4p54d8         nconf=  2      z= 50     ion= 7     kut=-1      exf=0.650     corrf=1.000   ca1=0.700   ca0=0.500



                           pnl( 2p)            pnl( 3s)            pnl( 3p)            pnl( 3d)            pnl( 4s) 
    r (a0)    nc          1         6         1         6         1         6         1         6         1         6


    0.0000     0      0.000000  0.030074  0.000000  0.306862  0.000000  0.013838  0.000000  0.000103  0.000000  0.136836
    0.0060     1      0.108206  0.221926  0.494956  0.604439  0.049731  0.101828  0.000773  0.002458  0.220600  0.269187
    0.0120     2      0.361666  0.519695  0.653460  0.655242  0.165584  0.237289  0.005508  0.010191  0.290692  0.291023
    0.0180     3      0.689704  0.866533  0.620238  0.556970  0.313877  0.392811  0.016706  0.025194  0.274860  0.246030
    0.0240     4      1.045973  1.399718  0.472483  0.262319  0.472000  0.624599  0.035745  0.063200  0.207701  0.112687
    0.0360     5      1.731088  2.027982  0.025821 -0.212441  0.761527  0.876444  0.099074  0.142975  0.006142 -0.100763
    0.0481     6      2.283808  2.495851 -0.435605 -0.632907  0.965809  1.028118  0.194240  0.252039 -0.200297 -0.287555
    0.0601     7      2.664073  2.790226 -0.798032 -0.927860  1.063331  1.072435  0.315450  0.383508 -0.359637 -0.415115
    0.0721     8      2.877208  2.948263 -1.021571 -1.104939  1.057114  0.961962  0.455254  0.606121 -0.453631 -0.481897
    0.0961     9      2.908391  2.787984 -1.065570 -0.928400  0.797175  0.582525  0.761241  0.914864 -0.452921 -0.378864
    0.1202    10      2.613596  2.406899 -0.719686 -0.463797  0.336165  0.073692  1.062393  1.200336 -0.272647 -0.146384
    0.1442    11      2.184702  1.959460 -0.181742  0.109321 -0.192123 -0.451340  1.326196  1.438334 -0.010625  0.125907
    0.1682    12      1.739967  1.339367  0.396003  0.919421 -0.696545 -1.125824  1.535825  1.685936  0.256387  0.480282
    0.2163    13      1.005734  0.741371  1.341588  1.647703 -1.458099 -1.690634  1.778577  1.819962  0.637042  0.719724
    0.2644    14      0.538899  0.387547  1.842200  1.939434 -1.831667 -1.894725  1.818192  1.781798  0.732064  0.683618
    0.3124    15      0.276412  0.195891  1.957633  1.915306 -1.895003 -1.847257  1.718877  1.636664  0.586441  0.453006
    0.3605    16      0.138138  0.067933  1.829335  1.581389 -1.764711 -1.538112  1.541349  1.330939  0.295002 -0.055139
    0.4566    17      0.032963  0.015644  1.297645  1.026076 -1.281203 -1.032840  1.117385  0.918096 -0.400869 -0.704925
    0.5527    18      0.007267  0.003326  0.789419  0.594880 -0.812505 -0.627353  0.741765  0.591391 -0.948676 -1.126870
    0.6489    19      0.001506  0.000677  0.441207  0.323245 -0.477461 -0.359341  0.466552  0.364984 -1.242592 -1.303457
    0.7450    20      0.000302  0.000060  0.234602  0.121181 -0.268112 -0.146549  0.283619  0.168723 -1.318989 -1.252411
    0.9372    21      0.000012  0.000002  0.061634  0.031102 -0.078911 -0.042175  0.099011  0.057603 -1.109995 -0.939087
    1.1295    22      0.000000  0.000000  0.015500  0.007540 -0.022410 -0.011712  0.033312  0.019137 -0.768479 -0.613362
    1.3218    23      0.000000  0.000000  0.003600  0.001696 -0.006001 -0.003030  0.010863  0.006099 -0.480141 -0.370050
    1.5140    24      0.000000  0.000000  0.000791  0.000169 -0.001514 -0.000370  0.003397  0.001037 -0.281578 -0.158119
    1.8985    25      0.000000  0.000000  0.000035  0.000007 -0.000089 -0.000021  0.000312  0.000093 -0.086005 -0.045638
    2.2830    26      0.000000  0.000000  0.000001  0.000000 -0.000005 -0.000001  0.000027  0.000008 -0.023728 -0.012092
    2.6675    27      0.000000  0.000000  0.000000  0.000000 -0.000000 -0.000000  0.000002  0.000001 -0.006029 -0.002956
    3.0520    28      0.000000  0.000000  0.000000  0.000000 -0.000000 -0.000000  0.000000  0.000000 -0.001432 -0.000328
    3.8211    29      0.000000  0.000000  0.000000  0.000000 -0.000000 -0.000000  0.000000  0.000000 -0.000073 -0.000016
    4.5901    30      0.000000  0.000000  0.000000  0.000000 -0.000000 -0.000000  0.000000  0.000000 -0.000003 -0.000001
    5.3591    31      0.000000  0.000000  0.000000  0.000000 -0.000000 -0.000000  0.000000  0.000000 -0.000000 -0.000000
    6.1281    32      0.000000  0.000000  0.000000  0.000000  0.000000  0.000000  0.000000  0.000000 -0.000000 -0.000000
    7.6662    33      0.000000  0.000000  0.000000  0.000000  0.000000  0.000000  0.000000  0.000000 -0.000000 -0.000000
    9.2042    34      0.000000  0.000000  0.000000  0.000000  0.000000  0.000000  0.000000  0.000000 -0.000000 -0.000000
   10.7422    35      0.000000  0.000000  0.000000  0.000000  0.000000  0.000000  0.000000  0.000000 -0.000000 -0.000000
   12.2803    36      0.000000  0.000000  0.000000  0.000000  0.000000  0.000000  0.000000  0.000000  0.000000  0.000000
   15.3564    37      0.000000  0.000000  0.000000  0.000000  0.000000  0.000000  0.000000  0.000000  0.000000  0.000000
   18.4324    38      0.000000  0.000000  0.000000  0.000000  0.000000  0.000000  0.000000  0.000000  0.000000  0.000000
   21.5085    39      0.000000  0.000000  0.000000  0.000000  0.000000  0.000000  0.000000  0.000000  0.000000  0.000000
   24.5846    40      0.000000  0.000000  0.000000  0.000000  0.000000  0.000000  0.000000  0.000000  0.000000  0.000000
1Sn7+   4p54d8         nconf=  2      z= 50     ion= 7     kut=-1      exf=0.650     corrf=1.000   ca1=0.700   ca0=0.500



                           pnl( 4p)            pnl( 4d) 
    r (a0)    nc          1         6         1         6         1         6         1         6         1         6


    0.0000     0      0.000000  0.006001  0.000000  0.000043
    0.0060     1      0.021561  0.044133  0.000319  0.001015
    0.0120     2      0.071736  0.102746  0.002274  0.004206
    0.0180     3      0.135821  0.169848  0.006893  0.010391
    0.0240     4      0.203908  0.269242  0.014737  0.026031
    0.0360     5      0.327345  0.375418  0.040758  0.058733
    0.0481     6      0.411899  0.436135  0.079658  0.103161
    0.0601     7      0.448135  0.448372  0.128829  0.156234
    0.0721     8      0.437637  0.387380  0.184944  0.244628
    0.0961     9      0.306470  0.204302  0.304811  0.362887
    0.1202    10      0.089580 -0.030139  0.416754  0.464811
    0.1442    11     -0.148618 -0.260989  0.505908  0.539294
    0.1682    12     -0.363577 -0.529948  0.564553  0.590362
    0.2163    13     -0.637076 -0.684229  0.584599  0.550640
    0.2644    14     -0.676629 -0.622562  0.492886  0.416055
    0.3124    15     -0.531453 -0.412679  0.324739  0.223165
    0.3605    16     -0.274898  0.028353  0.115082 -0.107872
    0.4566    17      0.330900  0.603747 -0.324168 -0.521122
    0.5527    18      0.831057  1.006886 -0.691293 -0.831389
    0.6489    19      1.131808  1.210270 -0.941049 -1.021828
    0.7450    20      1.248668  1.233339 -1.076413 -1.120132
    0.9372    21      1.137981  1.002938 -1.098646 -1.035104
    1.1295    22      0.855396  0.711842 -0.947391 -0.848363
    1.3218    23      0.581156  0.467237 -0.746778 -0.648301
    1.5140    24      0.370937  0.226821 -0.556359 -0.398409
    1.8985    25      0.134380  0.077688 -0.276895 -0.187930
    2.2830    26      0.044038  0.024553 -0.125090 -0.081914
    2.6675    27      0.013481  0.007280 -0.052898 -0.033751
    3.0520    28      0.003877  0.001068 -0.021309 -0.008269
    3.8211    29      0.000286  0.000075 -0.003116 -0.001146
    4.5901    30      0.000019  0.000005 -0.000413 -0.000147
    5.3591    31      0.000001  0.000000 -0.000051 -0.000018
    6.1281    32      0.000000  0.000000 -0.000006 -0.000001
    7.6662    33      0.000000  0.000000 -0.000000 -0.000000
    9.2042    34      0.000000  0.000000 -0.000000 -0.000000
   10.7422    35      0.000000  0.000000 -0.000000 -0.000000
   12.2803    36      0.000000  0.000000 -0.000000 -0.000000
   15.3564    37      0.000000  0.000000 -0.000000 -0.000000
   18.4324    38      0.000000  0.000000 -0.000000 -0.000000
   21.5085    39      0.000000  0.000000 -0.000000 -0.000000
   24.5846    40      0.000000  0.000000  0.000000  0.000000
1Sn7+   4p54d8         nconf=  2      z= 50     ion= 7     kut=-1      exf=0.650     corrf=1.000   ca1=0.700   ca0=0.500






  nl   wnl         ee          az      (r-3)      (r-2)      (r-1)      (r+1)      (r+2)      (r+3)      (r+4)      (r+6)

  1s    2.   -2166.16507   1006.039  0.000E+00  6.062E+03  5.299E+01  2.909E-02  1.145E-03  5.694E-05  3.424E-06  1.963E-08
  2s    2.    -341.37045    340.243  0.000E+00  6.767E+02  1.212E+01  1.254E-01  1.855E-02  3.123E-03  5.923E-04  2.957E-05
  2p    6.    -307.35309   4069.585  4.496E+03  1.834E+02  1.159E+01  1.099E-01  1.473E-02  2.338E-03  4.303E-04  2.132E-05
  3s    2.     -75.60055    150.091  0.000E+00  1.334E+02  4.325E+00  3.375E-01  1.301E-01  5.535E-02  2.577E-02  7.231E-03
  3p    6.     -64.11752   1873.772  8.312E+02  3.602E+01  4.098E+00  3.361E-01  1.309E-01  5.685E-02  2.728E-02  8.344E-03
  3d   10.     -46.33477   4318.423  1.195E+02  1.880E+01  3.874E+00  3.130E-01  1.160E-01  4.994E-02  2.461E-02  8.544E-03
  4s    2.     -19.53713     66.948  0.000E+00  2.719E+01  1.711E+00  8.048E-01  7.292E-01  7.214E-01  7.737E-01  1.123E+00
  4p    5.     -15.91571    812.663  1.526E+02  7.222E+00  1.574E+00  8.570E-01  8.321E-01  8.874E-01  1.032E+00  1.786E+00
  4d    8.     -10.25004   1783.731  1.719E+01  3.230E+00  1.334E+00  9.788E-01  1.104E+00  1.392E+00  1.944E+00  5.046E+00

       43.                                      1.536E+04  2.937E+02  2.052E+01  1.678E+01  1.799E+01  2.272E+01  5.169E+01

        1.                                      3.573E+02  6.831E+00  4.771E-01  3.903E-01  4.183E-01  5.284E-01  1.202E+00



            --------------------zeta---------------------
  nl   wnl    ----blume-watson----     -----(r*vi)-----     i (ryd)      eps s       evel       edar   evel+edar    erel
                 (ryd)      (cm-1)     (ryd)      (cm-1)
  1s    2.      0.00000       0.000   0.00000       0.000-2585.19377 -2156.33673 -528.30373  440.11452  -88.189 -2244.52594
  2s    2.      0.00000       0.000   0.00000       0.000 -646.67243  -337.95523  -72.96704   48.91429  -24.053  -362.00798
  2p    6.     11.22337 1231622.230  11.52300 1264502.748 -630.18289  -306.17158   -9.42513    0.00153   -9.425  -315.59672
  3s    2.      0.00000       0.000   0.00000       0.000 -269.98816   -74.08624  -14.81635    9.48016   -5.336   -79.42243
  3p    6.      2.07271  227453.419   2.12313  232986.732 -261.11358   -63.48430   -2.28374    0.00175   -2.284   -65.76804
  3d   10.      0.24281   26645.812   0.25906   28428.994 -251.70981   -46.96852   -0.53186   -0.01433   -0.532   -47.50038
  4s    2.      0.00000       0.000   0.00000       0.000 -127.68644   -19.28696   -2.98439    1.88451   -1.100   -20.38684
  4p    5.      0.38009   41710.516   0.38880   42665.812 -119.77447   -15.87606   -0.44690    0.00045   -0.447   -16.32297
  4d    8.      0.03463    3800.594   0.03669    4026.789 -105.03508   -10.69398   -0.09095   -0.00193   -0.091   -10.78493
1Sn7+   4p54d8         nconf=  2      z= 50     ion= 7     kut=-1      exf=0.650     corrf=1.000   ca1=0.700   ca0=0.500





0               without correlation                with correlation
              -----------------------           -----------------------
  nl   wnl       eps fg      eps fgr    corr       eps fg      eps fgr     n*r     n*rc     ect     ec-----------------

  1s    2.   -2166.08254  -2166.08254-0.08293  -2166.16547  -2166.16547  0.1719  0.1719  -0.08271   0.00000-0.0827
  2s    2.    -341.28804   -341.28804-0.08240   -341.37044   -341.37044  0.4330  0.4330  -0.23236  -0.06851-0.0811
  2p    6.    -307.27086   -307.27086-0.08248   -307.35335   -307.35335  0.4564  0.4563  -0.72473  -0.08179-0.0819-0.0821-0.0822
  3s    2.     -75.51918    -75.51918-0.08128    -75.60046    -75.60046  0.9206  0.9201  -0.87183  -0.06869-0.0784
  3p    6.     -64.03631    -64.03631-0.08128    -64.11759    -64.11759  0.9997  0.9991  -1.35145  -0.07919-0.0796-0.0799-0.0804
  3d   10.     -46.25335    -46.25335-0.08141    -46.33476    -46.33476  1.1763  1.1753  -2.16105  -0.08068-0.0808-0.0808-0.0812
  4s    2.     -19.45848    -19.45848-0.07847    -19.53695    -19.53695  1.8136  1.8099  -2.30118  -0.06633-0.0738
  4p    5.     -15.83783    -15.83783-0.07807    -15.91590    -15.91590  2.0102  2.0053  -2.67872  -0.07410-0.0751-0.0757-0.0765
  4d    8.     -10.17326    -10.17326-0.07681    -10.25006    -10.25006  2.5082  2.4988  -3.28682  -0.07485-0.0754-0.0757-0.0768

0                           ecorrt=  -3.45159 (old)              ect=  -3.28682 (new)     etotrl=      0.00000 +  0.00000 +  0.00000

      etot= -12309.37992 -12309.37992         -12312.83150 -12312.83150 -12312.66674 -12312.66674 -12312.66674


 Sn7+   4p54d8          8 -12312.6667 0  104.0523 1   69.5305 1   41.7105 2    3.8006 2
   110.6633 3  140.6138 4   87.6525 4


0    t(run)=  0.06,     t(job)=   0.11 seconds
1
   Sn7+   4d64f1           nconf=  3    z= 50    ncores= 9    nvales= 1    ion= 7    r(i)/x(i)=0.24031862      ca1=0.700

 tolstb=1.000   tolk-2=0.20000   tolend= 0.5E-07   thresh= 0.1E-10   kut=-1    exf=0.650   corrf=1.000      ca0= 0.500

0rcn mod 36  ihf1= 2        mesh= 641   idb= 641   rdb=1574.928   emx=   0.00   r(mesh)=1574.928     irel= 1     ib= 641
0hfr      energy = e(av)


0    t(run)=  0.04,     t(job)=   0.15 seconds
1Sn7+   4d64f1         nconf=  3      z= 50     ion= 7     kut=-1      exf=0.650     corrf=1.000   ca1=0.700   ca0=0.500



                           rscore(i)           rsvale(i)           rsatom(i)           pnl( 1s)            pnl( 2s) 
    r (a0)    nc          1         6         1         6         1         6         1         6         1         6


    0.0000     0       0.00000   9.85383   0.00000   0.00000   0.00000   9.85383  0.000000  2.079688  0.000000  0.696625
    0.0060     1      26.58784  41.98848   0.00000   0.00000  26.58784  41.98848  3.418623  4.297020  1.126362  1.380678
    0.0120     2      53.35802  60.35816   0.00000   0.00000  53.35802  60.35816  4.839792  5.133485  1.500756  1.516345
    0.0180     3      63.65884  64.26301   0.00000   0.00000  63.65884  64.26301  5.242434  5.215696  1.450716  1.322632
    0.0240     4      63.17362  59.13122   0.00000   0.00000  63.17362  59.13122  5.091044  4.658018  1.147424  0.703805
    0.0360     5      56.00233  55.55541   0.00000   0.00000  56.00233  55.55541  4.104964  3.525714  0.196120 -0.324991
    0.0481     6      57.83751  62.06136   0.00000   0.00000  57.83751  62.06136  2.972142  2.470297 -0.826071 -1.285794
    0.0601     7      67.20342  72.33215   0.00001   0.00001  67.20343  72.33216  2.030648  1.654585 -1.692262 -2.039870
    0.0721     8      76.75063  81.97370   0.00002   0.00006  76.75065  81.97376  1.338520  0.861363 -2.327353 -2.730427
    0.0961     9      81.99233  78.07921   0.00015   0.00030  81.99247  78.07951  0.545009  0.340623 -2.932900 -2.976814
    0.1202    10      72.21035  66.18023   0.00055   0.00094  72.21090  66.18118  0.210939  0.129714 -2.904007 -2.751252
    0.1442    11      61.22529  57.97045   0.00152   0.00233  61.22681  57.97278  0.079307  0.048205 -2.548589 -2.319284
    0.1682    12      56.53656  58.05199   0.00342   0.00665  56.53998  58.05864  0.029100  0.010429 -2.080544 -1.619287
    0.2163    13      62.42833  66.36709   0.01157   0.01851  62.43990  66.38560  0.003678  0.001282 -1.218957 -0.895682
    0.2644    14      67.91206  66.48983   0.02771   0.03932  67.93977  66.52916  0.000443  0.000152 -0.646424 -0.460239
    0.3124    15      62.46674  56.66236   0.05342   0.06999  62.52016  56.73235  0.000052  0.000018 -0.324296 -0.226688
    0.3605    16      49.98882  37.00341   0.08896   0.13341  50.07778  37.13682  0.000006  0.000001 -0.157482 -0.074974
    0.4566    17      27.31912  21.79167   0.18498   0.24137  27.50410  22.03304  0.000000  0.000000 -0.035148 -0.016083
    0.5527    18      19.61341  19.46806   0.30009   0.35877  19.91349  19.82682  0.000000  0.000000 -0.007183 -0.003155
    0.6489    19      20.17690  20.93015   0.41537   0.46826  20.59227  21.39842  0.000000  0.000000 -0.001370 -0.000590
    0.7450    20      21.28751  20.34310   0.51629   0.59498  21.80380  20.93808  0.000000  0.000000 -0.000252 -0.000046
    0.9372    21      17.66295  14.25744   0.64901   0.67926  18.31196  14.93670  0.000000  0.000000 -0.000008 -0.000001
    1.1295    22      10.91170   8.03138   0.68824   0.67916  11.59994   8.71055  0.000000  0.000000 -0.000000 -0.000000
    1.3218    23       5.74201   4.01560   0.65542   0.62033   6.39743   4.63593  0.000000  0.000000 -0.000000 -0.000000
    1.5140    24       2.76055   1.25564   0.57704   0.47698   3.33760   1.73262  0.000000  0.000000 -0.000000 -0.000000
    1.8985    25       0.55015   0.23441   0.37376   0.27962   0.92392   0.51403  0.000000  0.000000 -0.000000 -0.000000
    2.2830    26       0.09763   0.03986   0.20084   0.13916   0.29847   0.17902  0.000000  0.000000 -0.000000 -0.000000
    2.6675    27       0.01599   0.00631   0.09339   0.06091   0.10938   0.06722  0.000000  0.000000 -0.000000 -0.000000
    3.0520    28       0.00245   0.00035   0.03873   0.01466   0.04118   0.01501  0.000000  0.000000  0.000000  0.000000
    3.8211    29       0.00005   0.00001   0.00515   0.00170   0.00520   0.00171  0.000000  0.000000  0.000000  0.000000
    4.5901    30       0.00000   0.00000   0.00053   0.00016   0.00053   0.00016  0.000000  0.000000  0.000000  0.000000
    5.3591    31       0.00000   0.00000   0.00005   0.00001   0.00005   0.00001  0.000000  0.000000  0.000000  0.000000
    6.1281    32       0.00000   0.00000   0.00000   0.00000   0.00000   0.00000  0.000000  0.000000  0.000000  0.000000
    7.6662    33       0.00000   0.00000   0.00000   0.00000   0.00000   0.00000  0.000000  0.000000  0.000000  0.000000
    9.2042    34       0.00000   0.00000   0.00000   0.00000   0.00000   0.00000  0.000000  0.000000  0.000000  0.000000
   10.7422    35       0.00000   0.00000   0.00000   0.00000   0.00000   0.00000  0.000000  0.000000  0.000000  0.000000
   12.2803    36       0.00000   0.00000   0.00000   0.00000   0.00000   0.00000  0.000000  0.000000  0.000000  0.000000
   15.3564    37       0.00000   0.00000   0.00000   0.00000   0.00000   0.00000  0.000000  0.000000  0.000000  0.000000
   18.4324    38       0.00000   0.00000   0.00000   0.00000   0.00000   0.00000  0.000000  0.000000  0.000000  0.000000
   21.5085    39       0.00000   0.00000   0.00000   0.00000   0.00000   0.00000  0.000000  0.000000  0.000000  0.000000
   24.5846    40       0.00000   0.00000   0.00000   0.00000   0.00000   0.00000  0.000000  0.000000  0.000000  0.000000
1Sn7+   4d64f1         nconf=  3      z= 50     ion= 7     kut=-1      exf=0.650     corrf=1.000   ca1=0.700   ca0=0.500



                           pnl( 2p)            pnl( 3s)            pnl( 3p)            pnl( 3d)            pnl( 4s) 
    r (a0)    nc          1         6         1         6         1         6         1         6         1         6


    0.0000     0      0.000000  0.030074  0.000000  0.307071  0.000000  0.013853  0.000000  0.000103  0.000000  0.137252
    0.0060     1      0.108207  0.221929  0.495293  0.604852  0.049784  0.101935  0.000773  0.002458  0.221270  0.270006
    0.0120     2      0.361671  0.519704  0.653907  0.655692  0.165759  0.237539  0.005509  0.010193  0.291577  0.291910
    0.0180     3      0.689716  0.866549  0.620665  0.557356  0.314206  0.393223  0.016710  0.025200  0.275699  0.246782
    0.0240     4      1.045994  1.399750  0.472813  0.262510  0.472494  0.625252  0.035753  0.063215  0.208338  0.113037
    0.0360     5      1.731133  2.028043  0.025854 -0.212567  0.762319  0.877350  0.099099  0.143012  0.006170 -0.101058
    0.0481     6      2.283886  2.495947 -0.435881 -0.633314  0.966799  1.029161  0.194291  0.252107 -0.200892 -0.288414
    0.0601     7      2.664185  2.790354 -0.798548 -0.928459  1.064394  1.073486  0.315537  0.383618 -0.360713 -0.416357
    0.0721     8      2.877349  2.948420 -1.022227 -1.105627  1.058123  0.962806  0.455387  0.606307 -0.454986 -0.483326
    0.0961     9      2.908547  2.788120 -1.066194 -0.928879  0.797766  0.582801  0.761483  0.915162 -0.454244 -0.379937
    0.1202    10      2.613695  2.406949 -0.719961 -0.463834  0.336092  0.073259  1.062743  1.200730 -0.273369 -0.146695
    0.1442    11      2.184697  1.959397 -0.181527  0.109781 -0.192903 -0.452434  1.326623  1.438781 -0.010500  0.126461
    0.1682    12      1.739848  1.339159  0.396686  0.920437 -0.697909 -1.127564  1.536278  1.686358  0.257340  0.481872
    0.2163    13      1.005474  0.741094  1.342756  1.648848 -1.459978 -1.692436  1.778919  1.820187  0.638999  0.721765
    0.2644    14      0.538632  0.387310  1.843182  1.940159 -1.833223 -1.895921  1.818282  1.781751  0.733937  0.685118
    0.3124    15      0.276212  0.195731  1.958054  1.915414 -1.895776 -1.847588  1.718706  1.636388  0.587424  0.453381
    0.3605    16      0.138016  0.067873  1.829149  1.580743 -1.764615 -1.537289  1.540994  1.330509  0.294724 -0.056701
    0.4566    17      0.032941  0.015640  1.296740  1.025094 -1.279882 -1.031246  1.116978  0.917782 -0.403508 -0.708332
    0.5527    18      0.007268  0.003328  0.788486  0.594068 -0.810819 -0.625701  0.741578  0.591340 -0.952502 -1.130777
    0.6489    19      0.001507  0.000678  0.440544  0.322729 -0.475917 -0.357943  0.466624  0.365155 -1.246278 -1.306675
    0.7450    20      0.000303  0.000060  0.234217  0.120987 -0.266871 -0.145606  0.283863  0.169039 -1.321549 -1.253319
    0.9372    21      0.000012  0.000002  0.061548  0.031067 -0.078210 -0.041662  0.099327  0.057884 -1.109145 -0.936683
    1.1295    22      0.000000  0.000000  0.015486  0.007532 -0.022043 -0.011468  0.033544  0.019314 -0.764901 -0.609053
    1.3218    23      0.000000  0.000000  0.003594  0.001692 -0.005853 -0.002946  0.010984  0.006174 -0.475516 -0.365450
    1.5140    24      0.000000  0.000000  0.000788  0.000168 -0.001468 -0.000357  0.003440  0.001050 -0.277248 -0.154713
    1.8985    25      0.000000  0.000000  0.000035  0.000007 -0.000085 -0.000020  0.000315  0.000094 -0.083611 -0.044084
    2.2830    26      0.000000  0.000000  0.000001  0.000000 -0.000005 -0.000001  0.000028  0.000008 -0.022775 -0.011530
    2.6675    27      0.000000  0.000000  0.000000  0.000000 -0.000000 -0.000000  0.000002  0.000001 -0.005708 -0.002780
    3.0520    28      0.000000  0.000000  0.000000  0.000000 -0.000000 -0.000000  0.000000  0.000000 -0.001338 -0.000302
    3.8211    29      0.000000  0.000000  0.000000  0.000000 -0.000000 -0.000000  0.000000  0.000000 -0.000066 -0.000014
    4.5901    30      0.000000  0.000000  0.000000  0.000000 -0.000000 -0.000000  0.000000  0.000000 -0.000003 -0.000001
    5.3591    31      0.000000  0.000000  0.000000  0.000000 -0.000000 -0.000000  0.000000  0.000000 -0.000000 -0.000000
    6.1281    32      0.000000  0.000000  0.000000  0.000000  0.000000  0.000000  0.000000  0.000000 -0.000000 -0.000000
    7.6662    33      0.000000  0.000000  0.000000  0.000000  0.000000  0.000000  0.000000  0.000000 -0.000000 -0.000000
    9.2042    34      0.000000  0.000000  0.000000  0.000000  0.000000  0.000000  0.000000  0.000000 -0.000000 -0.000000
   10.7422    35      0.000000  0.000000  0.000000  0.000000  0.000000  0.000000  0.000000  0.000000 -0.000000 -0.000000
   12.2803    36      0.000000  0.000000  0.000000  0.000000  0.000000  0.000000  0.000000  0.000000  0.000000  0.000000
   15.3564    37      0.000000  0.000000  0.000000  0.000000  0.000000  0.000000  0.000000  0.000000  0.000000  0.000000
   18.4324    38      0.000000  0.000000  0.000000  0.000000  0.000000  0.000000  0.000000  0.000000  0.000000  0.000000
   21.5085    39      0.000000  0.000000  0.000000  0.000000  0.000000  0.000000  0.000000  0.000000  0.000000  0.000000
   24.5846    40      0.000000  0.000000  0.000000  0.000000  0.000000  0.000000  0.000000  0.000000  0.000000  0.000000
1Sn7+   4d64f1         nconf=  3      z= 50     ion= 7     kut=-1      exf=0.650     corrf=1.000   ca1=0.700   ca0=0.500



                           pnl( 4p)            pnl( 4d)            pnl( 4f) 
    r (a0)    nc          1         6         1         6         1         6         1         6         1         6


    0.0000     0      0.000000  0.006018  0.000000  0.000043  0.000000  0.000000
    0.0060     1      0.021621  0.044256  0.000322  0.001024  0.000001  0.000002
    0.0120     2      0.071935  0.103031  0.002294  0.004243  0.000008  0.000018
    0.0180     3      0.136198  0.170319  0.006953  0.010481  0.000035  0.000063
    0.0240     4      0.204472  0.269985  0.014865  0.026257  0.000104  0.000235
    0.0360     5      0.328246  0.376447  0.041112  0.059243  0.000455  0.000786
    0.0481     6      0.413022  0.437316  0.080351  0.104058  0.001253  0.001878
    0.0601     7      0.449336  0.449558  0.129950  0.157594  0.002681  0.003680
    0.0721     8      0.438776  0.388335  0.186554  0.246757  0.004891  0.008003
    0.0961     9      0.307147  0.204638  0.307461  0.366036  0.012102  0.017239
    0.1202    10      0.089542 -0.030558  0.420360  0.468816  0.023436  0.030690
    0.1442    11     -0.149402 -0.262105  0.510242  0.543881  0.038978  0.048261
    0.1682    12     -0.364977 -0.531742  0.569313  0.595226  0.058488  0.081529
    0.2163    13     -0.639009 -0.686060  0.589263  0.554838  0.107570  0.136057
    0.2644    14     -0.678153 -0.623624  0.496405  0.418733  0.166463  0.198300
    0.3124    15     -0.531946 -0.412543  0.326463  0.223866  0.231130  0.264565
    0.3605    16     -0.274112  0.030376  0.114730 -0.110299  0.298260  0.365250
    0.4566    17      0.333932  0.607480 -0.328476 -0.526996  0.430094  0.491292
    0.5527    18      0.835162  1.011052 -0.698346 -0.839209  0.547800  0.598971
    0.6489    19      1.135768  1.213805 -0.949223 -1.029966  0.644489  0.684299
    0.7450    20      1.251615  1.234814 -1.084164 -1.126252  0.718531  0.771350
    0.9372    21      1.137864  1.001353 -1.102361 -1.036066  0.805614  0.824172
    1.1295    22      0.852618  0.708218 -0.945618 -0.844139  0.829603  0.824114
    1.3218    23      0.577040  0.462943 -0.740551 -0.640593  0.809578  0.787610
    1.5140    24      0.366715  0.223221 -0.547693 -0.389185  0.759635  0.690639
    1.8985    25      0.131649  0.075780 -0.268385 -0.180771  0.611363  0.528790
    2.2830    26      0.042784  0.023769 -0.119450 -0.077685  0.448154  0.373042
    2.6675    27      0.013009  0.007007 -0.049845 -0.031613  0.305598  0.246809
    3.0520    28      0.003724  0.001022 -0.019846 -0.007609  0.196810  0.121071
    3.8211    29      0.000272  0.000071 -0.002825 -0.001022  0.071752  0.041233
    4.5901    30      0.000018  0.000005 -0.000363 -0.000126  0.023090  0.012649
    5.3591    31      0.000001  0.000000 -0.000043 -0.000015  0.006800  0.003596
    6.1281    32      0.000000  0.000000 -0.000005 -0.000001  0.001874  0.000491
    7.6662    33      0.000000  0.000000 -0.000000 -0.000000  0.000123  0.000030
    9.2042    34      0.000000  0.000000 -0.000000 -0.000000  0.000007  0.000002
   10.7422    35      0.000000  0.000000 -0.000000 -0.000000  0.000000  0.000000
   12.2803    36      0.000000  0.000000 -0.000000 -0.000000  0.000000  0.000000
   15.3564    37      0.000000  0.000000 -0.000000 -0.000000  0.000000  0.000000
   18.4324    38      0.000000  0.000000 -0.000000 -0.000000  0.000000  0.000000
   21.5085    39      0.000000  0.000000 -0.000000 -0.000000  0.000000  0.000000
   24.5846    40      0.000000  0.000000  0.000000  0.000000  0.000000  0.000000
1Sn7+   4d64f1         nconf=  3      z= 50     ion= 7     kut=-1      exf=0.650     corrf=1.000   ca1=0.700   ca0=0.500






  nl   wnl         ee          az      (r-3)      (r-2)      (r-1)      (r+1)      (r+2)      (r+3)      (r+4)      (r+6)

  1s    2.   -2166.40377   1006.022  0.000E+00  6.062E+03  5.299E+01  2.909E-02  1.145E-03  5.695E-05  3.425E-06  1.963E-08
  2s    2.    -341.71101    340.249  0.000E+00  6.768E+02  1.212E+01  1.254E-01  1.855E-02  3.122E-03  5.921E-04  2.955E-05
  2p    6.    -307.69010   4069.639  4.496E+03  1.834E+02  1.159E+01  1.099E-01  1.473E-02  2.338E-03  4.301E-04  2.130E-05
  3s    2.     -75.86476    150.193  0.000E+00  1.336E+02  4.328E+00  3.373E-01  1.300E-01  5.528E-02  2.572E-02  7.215E-03
  3p    6.     -64.39208   1875.744  8.329E+02  3.608E+01  4.102E+00  3.358E-01  1.307E-01  5.669E-02  2.717E-02  8.284E-03
  3d   10.     -46.58738   4319.425  1.196E+02  1.881E+01  3.875E+00  3.130E-01  1.160E-01  4.995E-02  2.462E-02  8.565E-03
  4s    2.     -19.82740     67.151  0.000E+00  2.735E+01  1.716E+00  8.027E-01  7.250E-01  7.149E-01  7.636E-01  1.097E+00
  4p    6.     -16.00292    814.921  1.535E+02  7.258E+00  1.578E+00  8.546E-01  8.273E-01  8.792E-01  1.018E+00  1.747E+00
  4d    6.     -10.50761   1799.211  1.748E+01  3.274E+00  1.344E+00  9.717E-01  1.087E+00  1.358E+00  1.878E+00  4.770E+00
  4f    1.      -5.13611    454.263  1.451E+00  9.703E-01  8.696E-01  1.417E+00  2.389E+00  4.662E+00  1.030E+01  6.852E+01

       43.                                      1.537E+04  2.936E+02  2.077E+01  1.766E+01  2.049E+01  2.967E+01  1.100E+02

        1.                                      3.574E+02  6.828E+00  4.830E-01  4.106E-01  4.764E-01  6.899E-01  2.557E+00



            --------------------zeta---------------------
  nl   wnl    ----blume-watson----     -----(r*vi)-----     i (ryd)      eps s       evel       edar   evel+edar    erel
                 (ryd)      (cm-1)     (ryd)      (cm-1)
  1s    2.      0.00000       0.000   0.00000       0.000-2585.19220 -2156.57013 -528.28393  440.09826  -88.186 -2244.75580
  2s    2.      0.00000       0.000   0.00000       0.000 -646.67409  -338.30120  -72.96907   48.91636  -24.053  -362.35390
  2p    6.     11.22361 1231648.112  11.52343 1264550.444 -630.19016  -306.51357   -9.42562    0.00158   -9.426  -315.93919
  3s    2.      0.00000       0.000   0.00000       0.000 -270.04207   -74.33524  -14.83661    9.49307   -5.344   -79.67877
  3p    6.      2.07696  227920.236   2.12747  233463.246 -261.21552   -63.73552   -2.28880    0.00173   -2.289   -66.02432
  3d   10.      0.24297   26663.353   0.25920   28443.425 -251.72613   -47.23607   -0.53219   -0.01432   -0.532   -47.76825
  4s    2.      0.00000       0.000   0.00000       0.000 -127.90270   -19.47708   -3.00259    1.89598   -1.107   -20.58369
  4p    6.      0.38217   41938.190   0.39092   42898.275 -119.99251   -16.05928   -0.44949    0.00043   -0.449   -16.50877
  4d    6.      0.03522    3865.267   0.03732    4095.327 -105.58196   -10.86987   -0.09255   -0.00196   -0.093   -10.96242
  4f    1.      0.00144     157.838   0.00171     187.953  -74.20548    -5.41711   -0.00588   -0.00026   -0.006    -5.42300
1Sn7+   4d64f1         nconf=  3      z= 50     ion= 7     kut=-1      exf=0.650     corrf=1.000   ca1=0.700   ca0=0.500





0               without correlation                with correlation
              -----------------------           -----------------------
  nl   wnl       eps fg      eps fgr    corr       eps fg      eps fgr     n*r     n*rc     ect     ec-----------------

  1s    2.   -2166.32124  -2166.32124-0.08293  -2166.40417  -2166.40417  0.1719  0.1719  -0.08271   0.00000-0.0827
  2s    2.    -341.62860   -341.62860-0.08240   -341.71099   -341.71099  0.4328  0.4328  -0.23237  -0.06851-0.0811
  2p    6.    -307.60788   -307.60788-0.08248   -307.69037   -307.69037  0.4561  0.4561  -0.72473  -0.08179-0.0819-0.0821-0.0822
  3s    2.     -75.78339    -75.78339-0.08128    -75.86466    -75.86466  0.9190  0.9185  -0.87185  -0.06870-0.0784
  3p    6.     -64.31085    -64.31085-0.08128    -64.39213    -64.39213  0.9976  0.9970  -1.35149  -0.07920-0.0796-0.0799-0.0804
  3d   10.     -46.50597    -46.50597-0.08141    -46.58738    -46.58738  1.1731  1.1721  -2.16108  -0.08068-0.0808-0.0808-0.0812
  4s    2.     -19.74873    -19.74873-0.07847    -19.82720    -19.82720  1.8002  1.7966  -2.30138  -0.06646-0.0738
  4p    6.     -15.92501    -15.92501-0.07807    -16.00309    -16.00309  2.0047  1.9998  -2.75585  -0.07413-0.0751-0.0757-0.0768
  4d    6.     -10.43067    -10.43067-0.07694    -10.50761    -10.50761  2.4770  2.4680  -3.21217  -0.07526-0.0757-0.0760-0.0767
  4f    1.      -5.06688     -5.06688-0.06921     -5.13610     -5.13610  3.5540  3.5300  -3.28138  -0.06921

0                           ecorrt=  -3.44612 (old)              ect=  -3.28138 (new)     etotrl=      0.00000 +  0.00000 +  0.00000

      etot= -12309.85339 -12309.85339         -12313.29951 -12313.29951 -12313.13476 -12313.13476 -12313.13476


 Sn7+   4d64f1         10 -12313.1348 0  104.8944 1   70.1564 1    3.8653 2    0.1578 2
    76.9000 3   48.4451 3   90.9917 4   55.9193 4   39.2289 4


0    t(run)=  0.06,     t(job)=   0.17 seconds
