1
   Sn5+   4p64d9           nconf=  1    z= 50    ncores= 8    nvales= 1    ion= 5    r(i)/x(i)=0.24031862      ca1=0.700

 tolstb=1.000   tolk-2=0.20000   tolend= 0.5E-07   thresh= 0.1E-10   kut=-1    exf=0.650   corrf=1.000      ca0= 0.500

0rcn mod 36  ihf1= 2        mesh= 641   idb= 641   rdb=1574.928   emx=   0.00   r(mesh)=1574.928     irel= 1     ib= 641
0hfr      energy = e(av)


0    t(run)=  0.05,     t(job)=   0.05 seconds
1Sn5+   4p64d9         nconf=  1      z= 50     ion= 5     kut=-1      exf=0.650     corrf=1.000   ca1=0.700   ca0=0.500



                           rscore(i)           rsvale(i)           rsatom(i)           pnl( 1s)            pnl( 2s) 
    r (a0)    nc          1         6         1         6         1         6         1         6         1         6


    0.0000     0       0.00000   9.85162   0.00000   0.00000   0.00000   9.85162  0.000000  2.079708  0.000000  0.696542
    0.0060     1      26.58188  41.97896   0.00000   0.00001  26.58189  41.97897  3.418653  4.297054  1.126227  1.380511
    0.0120     2      53.34547  60.34283   0.00004   0.00014  53.34551  60.34297  4.839828  5.133519  1.500574  1.516159
    0.0180     3      63.64050  64.24091   0.00038   0.00086  63.64087  64.24177  5.242465  5.215722  1.450536  1.322466
    0.0240     4      63.14657  59.08948   0.00173   0.00539  63.14829  59.09487  5.091064  4.658026  1.147277  0.703709
    0.0360     5      55.93855  55.46212   0.01320   0.02742  55.95175  55.48954  4.104959  3.525697  0.196082 -0.324969
    0.0481     6      57.70775  61.88876   0.05044   0.08461  57.75820  61.97337  2.972115  2.470263 -0.825990 -1.285659
    0.0601     7      66.98190  72.05558   0.13198   0.19412  67.11388  72.24970  2.030610  1.654545 -1.692080 -2.039649
    0.0721     8      76.41248  81.49040   0.27206   0.47617  76.68454  81.96656  1.338479  0.861327 -2.327103 -2.730145
    0.0961     9      81.33093  77.20597   0.73960   1.04881  82.07053  78.25478  0.544980  0.340602 -2.932623 -2.976573
    0.1202    10      71.09661  64.80837   1.38410   1.72288  72.48071  66.53125  0.210926  0.129707 -2.903828 -2.751151
    0.1442    11      59.59305  56.09293   2.04259   2.32313  61.63565  58.41606  0.079303  0.048204 -2.548575 -2.319358
    0.1682    12      54 Eav & pars     2 -12333.7764 0  3.3695 2
 finished  Sn5+   4p64d9   at   t(run)=  0.05,     t(job)=   0.05 seconds


 Sn5+   4p54d10     Z= 50   Ion stage=  5   Noelec= 45   IREL=1   EMX=  0.00   IDB= 641   R( 641)=1574.9

  it  time   delta  idel kut itp  1s    2s    2p    3s    3p    3d    4s    4p    4d
                                   2.    2.    6.    2.    6.   10.    2.    5.   10.
   1  0.00 -0.724318 173  0   1  0.400 0.000 0.000 0.000 0.000 0.000 0.000 0.000 0.000
   2  0.00  0.382500 133  0   1  0.400 0.000 0.000 0.000 0.000 0.000 0.000 0.000 0.000
   3  0.00  0.207769 131  0   2  0.320 0.320 0.320 0.320 0.320 0.320 0.320 0.320 0.320
   4  0.00 -0.157619 173  0   3  0.480 0.480 0.480 0.480 0.480 0.480 0.480 0.480 0.480
   5  0.02  0.061755 208 -1   2  0.320 0.320 0.320 0.320 0.320 0.320 0.320 0.320 0.320
   6  0.02  0.044860 212 -1   3  0.480 0.480 0.480 0.480 0.480 0.480 0.480 0.480 0.480
   7  0.02  0.021387 217 -1   4  0.720 0.720 0.720 0.720 0.720 0.720 0.720 0.720 0.720
   8  0.02  0.005232 269 -1   5  0.720 1.000 1.000 1.000 1.000 1.000 1.000 1.000 1.000
   9  0.02  0.000937 172 -1   6  1.000 1.000 1.000 1.000 1.000 1.000 1.000 1.000 1.000
  10  0.02 -0.000805 185 -1   7  1.000 0.667 0.667 1.000 1.000 0.667 0.667 0.667 1.000
  11  0.03  0.000404 192 -1   8  0.667 0.667 0.444 0.667 0.667 0.444 0.444 0.444 0.667
  12  0.03 -0.000059 194 -1   9  0.667 0.444 0.296 0.667 0.667 0.444 0.296 0.296 0.667
  13  0.04  0.000004 202 -1  10  0.444 0.667 0.296 0.667 0.667 0.444 0.444 0.444 0.667
  14  0.04 -0.000002 175 -1  11  0.667 1.000 0.444 0.667 0.444 0.667 0.667 0.667 0.667
  15  0.04  0.000001 197 -1  12  1.000 1.000 0.667 1.000 0.667 1.000 0.667 0.667 1.000
  16  0.04 -0.000001 178 -1  13  1.000 0.667 1.000 1.000 1.000 0.667 1.000 1.000 0.667
  17  0.05  0.000000 181 -1  14  0.667 0.444 0.667 0.667 0.667 0.444 0.667 0.667 0.444
  18  0.05 -0.000000 204 -1  15  0.444 0.296 0.667 0.667 0.667 0.444 0.667 0.667 0.444
 Eav & pars     2 -12328.3285 0 39.7876 2
 finished  Sn5+   4p54d10  at   t(run)=  0.05,     t(job)=   0.10 seconds


 Sn5+   4d84f1      Z= 50   Ion stage=  5   Noelec= 45   IREL=1   EMX=  0.00   IDB= 641   R( 641)=1574.9

  it  time   delta  idel kut itp  1s    2s    2p    3s    3p    3d    4s    4p    4d    4f
                                   2.    2.    6.    2.    6.   10.    2.    6.    8.    1.
   1  0.02 -1.037664 205  0   1  0.400 0.000 0.000 0.000 0.000 0.000 0.000 0.000 0.000 0.000
   2  0.02  0.357813 133  0   1  0.400 0.000 0.000 0.000 0.000 0.000 0.000 0.000 0.000 0.000
   3  0.02 -0.197692 285  0   2  0.320 0.320 0.320 0.320 0.320 0.320 0.320 0.320 0.320 0.320
   4  0.02 -0.053044 132 -1   2  0.320 0.320 0.320 0.320 0.320 0.320 0.320 0.320 0.320 0.320
   5  0.02 -0.033968 125 -1   3  0.480 0.320 0.480 0.480 0.480 0.480 0.480 0.480 0.480 0.480
   6  0.02  0.033467 225 -1   4  0.720 0.480 0.720 0.720 0.720 0.720 0.720 0.720 0.720 0.720
   7  0.02  0.010582 220 -1   5  0.720 0.720 1.000 1.000 1.000 1.000 1.000 1.000 1.000 1.000
   8  0.03 -0.004437 201 -1   6  0.480 1.000 1.000 1.000 1.000 1.000 1.000 1.000 1.000 1.000
   9  0.03  0.002318 195 -1   7  0.720 1.000 1.000 1.000 0.667 0.667 0.667 0.667 0.667 0.667
  10  0.03 -0.000463 191 -1   8  1.000 0.667 0.667 0.667 0.667 0.667 0.444 0.444 0.667 0.667
  11  0.03  0.000048 201 -1   9  1.000 0.667 0.667 0.667 0.444 0.444 0.444 0.444 0.444 0.444
  12  0.03  0.000015 210 -1  10  0.667 1.000 1.000 1.000 0.667 0.667 0.667 0.667 0.667 0.667
  13  0.05 -0.000004 175 -1  11  0.667 1.000 1.000 1.000 0.667 0.667 1.000 1.000 0.667 0.667
  14  0.05  0.000006 190 -1  12  1.000 0.667 1.000 1.000 1.000 1.000 1.000 1.000 1.000 1.000
  15  0.05 -0.000004 192 -1  13  1.000 0.800 0.667 0.667 0.667 0.667 0.667 0.667 0.667 0.667
  16  0.05  0.000001 193 -1  14  0.800 0.533 0.444 0.444 0.444 0.444 0.444 0.444 0.444 0.444
  17  0.05  0.000000 196 -1  15  0.533 0.533 0.444 0.444 0.667 0.444 0.444 0.444 0.444 0.667
  18  0.07  0.000000 190 -1  16  0.533 0.800 0.667 0.444 0.667 0.444 0.444 0.444 0.444 0.667
 Eav & pars    10 -12329.4302 0 99.8486 1 66.4087 1  3.5065 2  0.0636 2
  49.4418 3 29.0269 3 53.6373 4 32.0263 4 22.2116 4
 finished  Sn5+   4d84f1   at   t(run)=  0.09,     t(job)=   0.18 seconds
.
Finished at                                  13:18:15.00, Wed 07/16/2025
Time spent:                                  0 hr 0 min 0.22 sec
738  0.624257  0.035684  0.063092  0.203842  0.110632
    0.0360     5      1.730936  2.027811  0.025861 -0.212238  0.761115  0.875979  0.098906  0.142733  0.006105 -0.098782
    0.0481     6      2.283626  2.495664 -0.435256 -0.632434  0.965309  1.027601  0.193913  0.251619 -0.196444 -0.282071
    0.0601     7      2.663886  2.790046 -0.797462 -0.927225  1.062816  1.071939  0.314927  0.382878 -0.352819 -0.407287
    0.0721     8      2.877040  2.948131 -1.020900 -1.104280  1.056652  0.961606  0.454513  0.605154 -0.445122 -0.472974
    0.0961     9      2.908303  2.787943 -1.065021 -0.928030  0.796965  0.582483  0.760055  0.913475 -0.444688 -0.372183
    0.1202    10      2.613601  2.406946 -0.719540 -0.463898  0.336301  0.074003  1.060826  1.198621 -0.268120 -0.144370
    0.1442    11      2.184785  1.959574 -0.182091  0.108735 -0.191649 -0.450719  1.324367  1.436426 -0.011271  0.122631
    0.1682    12      1.740105  1.339539  0.395206  0.918297 -0.695797 -1.124896  1.533873  1.683998  0.250649  0.470492
    0.2163    13      1.005922  0.741560  1.340287  1.646372 -1.457092 -1.689639  1.776773  1.818388  0.624706  0.706456
    0.2644    14      0.539080  0.387713  1.840965  1.938392 -1.830761 -1.893966  1.816918  1.780869  0.719359  0.672724
    0.3124    15      0.276559  0.196017  1.956847  1.914812 -1.894429 -1.846889  1.718316  1.636474  0.578313  0.448292
    0.3605    16      0.138243  0.068003  1.829143  1.581768 -1.764555 -1.538357  1.541520  1.331762  0.294068 -0.048360
    0.4566    17      0.033007  0.015670  1.298487  1.027253 -1.281785 -1.033678  1.118737  0.919846 -0.387340 -0.686423
    0.5527    18      0.007281  0.003333  0.790809  0.596384 -0.813525 -0.628492  0.743791  0.593590 -0.927307 -1.104722
    0.6489    19      0.001510  0.000679  0.442749  0.324765 -0.478666 -0.360568  0.468838  0.367287 -1.221520 -1.284971
    0.7450    20      0.000303  0.000060  0.236060  0.122437 -0.269325 -0.147658  0.285884  0.170792 -1.304211 -1.246936
    0.9372    21      0.000012  0.000002  0.062650  0.031881 -0.079857 -0.042940  0.100792  0.059065 -1.114306 -0.951992
    1.1295    22      0.000000  0.000000  0.016060  0.007896 -0.023000 -0.012137  0.034465  0.020012 -0.787920 -0.637040
    1.3218    23      0.000000  0.000000  0.003808  0.001812 -0.006279 -0.003203  0.011494  0.006529 -0.505912 -0.396142
    1.5140    24      0.000000  0.000000  0.000853  0.000185 -0.001617 -0.000403  0.003680  0.001151 -0.306667 -0.178912
    1.8985    25      0.000000  0.000000  0.000040  0.000008 -0.000099 -0.000024  0.000355  0.000109 -0.101556 -0.056461
    2.2830    26      0.000000  0.000000  0.000002  0.000000 -0.000006 -0.000001  0.000033  0.000010 -0.030866 -0.016612
    2.6675    27      0.000000  0.000000  0.000000  0.000000 -0.000000 -0.000000  0.000003  0.000001 -0.008763 -0.004534
    3.0520    28      0.000000  0.000000  0.000000  0.000000 -0.000000 -0.000000  0.000000  0.000000 -0.002315 -0.000588
    3.8211    29      0.000000  0.000000  0.000000  0.000000 -0.000000 -0.000000  0.000000  0.000000 -0.000146 -0.000036
    4.5901    30      0.000000  0.000000  0.000000  0.000000 -0.000000 -0.000000  0.000000  0.000000 -0.000009 -0.000002
    5.3591    31      0.000000  0.000000  0.000000  0.000000 -0.000000 -0.000000  0.000000  0.000000 -0.000000 -0.000000
    6.1281    32      0.000000  0.000000  0.000000  0.000000  0.000000  0.000000  0.000000  0.000000 -0.000000 -0.000000
    7.6662    33      0.000000  0.000000  0.000000  0.000000  0.000000  0.000000  0.000000  0.000000 -0.000000 -0.000000
    9.2042    34      0.000000  0.000000  0.000000  0.000000  0.000000  0.000000  0.000000  0.000000 -0.000000 -0.000000
   10.7422    35      0.000000  0.000000  0.000000  0.000000  0.000000  0.000000  0.000000  0.000000 -0.000000 -0.000000
   12.2803    36      0.000000  0.000000  0.000000  0.000000  0.000000  0.000000  0.000000  0.000000  0.000000  0.000000
   15.3564    37      0.000000  0.000000  0.000000  0.000000  0.000000  0.000000  0.000000  0.000000  0.000000  0.000000
   18.4324    38      0.000000  0.000000  0.000000  0.000000  0.000000  0.000000  0.000000  0.000000  0.000000  0.000000
   21.5085    39      0.000000  0.000000  0.000000  0.000000  0.000000  0.000000  0.000000  0.000000  0.000000  0.000000
   24.5846    40      0.000000  0.000000  0.000000  0.000000  0.000000  0.000000  0.000000  0.000000  0.000000  0.000000
1Sn5+   4p64d9         nconf=  1      z= 50     ion= 5     kut=-1      exf=0.650     corrf=1.000   ca1=0.700   ca0=0.500



                           pnl( 4p)            pnl( 4d) 
    r (a0)    nc          1         6         1         6         1         6         1         6         1         6


    0.0000     0      0.000000  0.005837  0.000000  0.000040
    0.0060     1      0.020972  0.042928  0.000300  0.000954
    0.0120     2      0.069776  0.099940  0.002137  0.003952
    0.0180     3      0.132113  0.165214  0.006477  0.009764
    0.0240     4      0.198347  0.261908  0.013848  0.024462
    0.0360     5      0.318443  0.365229  0.038302  0.055197
    0.0481     6      0.400748  0.424365  0.074866  0.096961
    0.0601     7      0.436087  0.436372  0.121095  0.146864
    0.0721     8      0.425992  0.377239  0.173866  0.230016
    0.0961     9      0.298671  0.199416  0.286667  0.341371
    0.1202    10      0.087927 -0.028455  0.392160  0.437529
    0.1442    11     -0.143675 -0.253003  0.476398  0.508061
    0.1682    12     -0.352869 -0.515022  0.532126  0.557142
    0.2163    13     -0.619769 -0.666366  0.552601  0.521635
    0.2644    14     -0.659846 -0.608210  0.468335  0.397089
    0.3124    15     -0.520564 -0.405970  0.312165  0.217496
    0.3605    16     -0.272792  0.020964  0.116568 -0.092199
    0.4566    17      0.314865  0.580860 -0.295568 -0.481740
    0.5527    18      0.803570  0.977151 -0.643748 -0.778467
    0.6489    19      1.102035  1.182379 -0.885481 -0.966140
    0.7450    20      1.224218  1.218922 -1.022840 -1.076116
    0.9372    21      1.135484  1.012085 -1.068977 -1.022076
    1.1295    22      0.874527  0.738605 -0.951314 -0.868112
    1.3218    23      0.613024  0.501853 -0.780298 -0.693030
    1.5140    24      0.406302  0.259441 -0.609558 -0.460747
    1.8985    25      0.161285  0.098246 -0.339903 -0.246019
    2.2830    26      0.058890  0.034834 -0.175313 -0.123301
    2.6675    27      0.020363  0.011756 -0.085750 -0.059054
    3.0520    28      0.006687  0.002094 -0.040321 -0.018387
    3.8211    29      0.000637  0.000190 -0.008182 -0.003568
    4.5901    30      0.000056  0.000016 -0.001531 -0.000647
    5.3591    31      0.000005  0.000001 -0.000271 -0.000112
    6.1281    32      0.000000  0.000000 -0.000046 -0.000008
    7.6662    33      0.000000  0.000000 -0.000001 -0.000000
    9.2042    34      0.000000  0.000000 -0.000000 -0.000000
   10.7422    35      0.000000  0.000000 -0.000000 -0.000000
   12.2803    36      0.000000  0.000000 -0.000000 -0.000000
   15.3564    37      0.000000  0.000000 -0.000000 -0.000000
   18.4324    38      0.000000  0.000000 -0.000000 -0.000000
   21.5085    39      0.000000  0.000000 -0.000000 -0.000000
   24.5846    40      0.000000  0.000000  0.000000  0.000000
1Sn5+   4p64d9         nconf=  1      z= 50     ion= 5     kut=-1      exf=0.650     corrf=1.000   ca1=0.700   ca0=0.500






  nl   wnl         ee          az      (r-3)      (r-2)      (r-1)      (r+1)      (r+2)      (r+3)      (r+4)      (r+6)

  1s    2.   -2162.27341   1006.044  0.000E+00  6.062E+03  5.299E+01  2.909E-02  1.145E-03  5.694E-05  3.425E-06  1.963E-08
  2s    2.    -337.56116    340.213  0.000E+00  6.766E+02  1.212E+01  1.254E-01  1.855E-02  3.124E-03  5.926E-04  2.959E-05
  2p    6.    -303.53819   4069.213  4.495E+03  1.834E+02  1.159E+01  1.099E-01  1.473E-02  2.339E-03  4.305E-04  2.133E-05
  3s    2.     -71.90901    149.995  0.000E+00  1.332E+02  4.322E+00  3.377E-01  1.303E-01  5.550E-02  2.587E-02  7.290E-03
  3p    6.     -60.43623   1872.721  8.304E+02  3.599E+01  4.096E+00  3.363E-01  1.311E-01  5.699E-02  2.738E-02  8.409E-03
  3d   10.     -42.62968   4310.997  1.193E+02  1.877E+01  3.870E+00  3.135E-01  1.164E-01  5.023E-02  2.483E-02  8.702E-03
  4s    2.     -16.38897     65.691  0.000E+00  2.621E+01  1.681E+00  8.177E-01  7.542E-01  7.620E-01  8.378E-01  1.293E+00
  4p    6.     -12.70252    790.454  1.445E+02  6.879E+00  1.535E+00  8.775E-01  8.752E-01  9.633E-01  1.162E+00  2.206E+00
  4d    9.      -7.17907   1676.097  1.530E+01  2.933E+00  1.267E+00  1.034E+00  1.241E+00  1.684E+00  2.561E+00  8.123E+00

       45.                                      1.537E+04  2.957E+02  2.300E+01  2.027E+01  2.344E+01  3.217E+01  8.908E+01

        1.                                      3.415E+02  6.570E+00  5.111E-01  4.504E-01  5.209E-01  7.149E-01  1.980E+00



            --------------------zeta---------------------
  nl   wnl    ----blume-watson----     -----(r*vi)-----     i (ryd)      eps s       evel       edar   evel+edar    erel
                 (ryd)      (cm-1)     (ryd)      (cm-1)
  1s    2.      0.00000       0.000   0.00000       0.000-2585.19400 -2152.44355 -528.29637  440.11533  -88.181 -2240.62459
  2s    2.      0.00000       0.000   0.00000       0.000 -646.66153  -334.14771  -72.95181   48.90547  -24.046  -358.19405
  2p    6.     11.22133 1231398.738  11.52097 1264280.615 -630.17441  -302.35268   -9.42328    0.00144   -9.423  -311.77595
  3s    2.      0.00000       0.000   0.00000       0.000 -269.91652   -70.38922  -14.79666    9.46805   -5.329   -75.71784
  3p    6.      2.07046  227206.621   2.12084  232735.413 -261.05263   -59.78648   -2.28108    0.00172   -2.281   -62.06756
  3d   10.      0.24215   26572.436   0.25834   28348.995 -251.57145   -43.25942   -0.53025   -0.01432   -0.530   -43.78967
  4s    2.      0.00000       0.000   0.00000       0.000 -126.37775   -15.94803   -2.87280    1.81439   -1.058   -17.00644
  4p    6.      0.35973   39476.275   0.36797   40379.761 -117.89523   -12.59524   -0.42259    0.00041   -0.423   -13.01783
  4d    9.      0.03071    3369.513   0.03254    3570.640 -101.14449    -7.54989   -0.08037   -0.00172   -0.080    -7.63026
1Sn5+   4p64d9         nconf=  1      z= 50     ion= 5     kut=-1      exf=0.650     corrf=1.000   ca1=0.700   ca0=0.500





0               without correlation                with correlation
              -----------------------           -----------------------
  nl   wnl       eps fg      eps fgr    corr       eps fg      eps fgr     n*r     n*rc     ect     ec-----------------

  1s    2.   -2162.19088  -2162.19088-0.08293  -2162.27381  -2162.27381  0.1290  0.1290  -0.08271   0.00000-0.0827
  2s    2.    -337.47874   -337.47874-0.08240   -337.56114   -337.56114  0.3266  0.3266  -0.23236  -0.06850-0.0811
  2p    6.    -303.45596   -303.45596-0.08248   -303.53844   -303.53844  0.3444  0.3444  -0.72472  -0.08179-0.0819-0.0821-0.0822
  3s    2.     -71.82766    -71.82766-0.08128    -71.90894    -71.90894  0.7080  0.7076  -0.87179  -0.06866-0.0784
  3p    6.     -60.35502    -60.35502-0.08128    -60.43631    -60.43631  0.7723  0.7718  -1.35139  -0.07919-0.0796-0.0799-0.0804
  3d   10.     -42.54827    -42.54827-0.08141    -42.62968    -42.62968  0.9198  0.9190  -2.16094  -0.08067-0.0808-0.0808-0.0812
  4s    2.     -16.31035    -16.31035-0.07854    -16.38889    -16.38889  1.4857  1.4821  -2.30025  -0.06573-0.0736
  4p    6.     -12.62469    -12.62469-0.07811    -12.70280    -12.70280  1.6887  1.6835  -2.75307  -0.07377-0.0748-0.0755-0.0766
  4d    9.      -7.10259     -7.10259-0.07659     -7.17918     -7.17918  2.2513  2.2393  -3.43462  -0.07440-0.0749-0.0753-0.0766

0                           ecorrt=  -3.60498 (old)              ect=  -3.43462 (new)     etotrl=      0.00000 +  0.00000 +  0.00000

      etot= -12330.34176 -12330.34176         -12333.94674 -12333.94674 -12333.77638 -12333.77638 -12333.77638


 Sn5+   4p64d9          2 -12333.7764 0    3.3695 2


0    t(run)=  0.05,     t(job)=   0.05 seconds
1
   Sn5+   4p54d10          nconf=  2    z= 50    ncores= 8    nvales= 1    ion= 5    r(i)/x(i)=0.24031862      ca1=0.700

 tolstb=1.000   tolk-2=0.20000   tolend= 0.5E-07   thresh= 0.1E-10   kut=-1    exf=0.650   corrf=1.000      ca0= 0.500

0rcn mod 36  ihf1= 2        mesh= 641   idb= 641   rdb=1574.928   emx=   0.00   r(mesh)=1574.928     irel= 1     ib= 641
0hfr      energy = e(av)


0    t(run)=  0.05,     t(job)=   0.10 seconds
1Sn5+   4p54d10        nconf=  2      z= 50     ion= 5     kut=-1      exf=0.650     corrf=1.000   ca1=0.700   ca0=0.500



                           rscore(i)           rsvale(i)           rsatom(i)           pnl( 1s)            pnl( 2s) 
    r (a0)    nc          1         6         1         6         1         6         1         6         1         6


    0.0000     0       0.00000   9.85205   0.00000   0.00000   0.00000   9.85205  0.000000  2.079735  0.000000  0.696577
    0.0060     1      26.58266  41.97899   0.00000   0.00001  26.58266  41.97900  3.418697  4.297108  1.126282  1.380576
    0.0120     2      53.34288  60.33532   0.00005   0.00016  53.34293  60.33548  4.839885  5.133576  1.500640  1.516220
    0.0180     3      63.62559  64.21615   0.00042   0.00096  63.62601  64.21711  5.242518  5.215768  1.450586  1.322501
    0.0240     4      63.10977  59.02368   0.00194   0.00605  63.11170  59.02973  5.091101  4.658042  1.147294  0.703684
    0.0360     5      55.84064  55.33335   0.01483   0.03080  55.85547  55.36414  4.104953  3.525672  0.196015 -0.325075
    0.0481     6      57.55310  61.71591   0.05665   0.09502  57.60975  61.81093  2.972073  2.470208 -0.826129 -1.285821
    0.0601     7      66.80006  71.87426   0.14820   0.21797  66.94826  72.09224  2.030546  1.654476 -1.692257 -2.039831
    0.0721     8      76.24055  81.35773   0.30548   0.53459  76.54603  81.89231  1.338410  0.861263 -2.327282 -2.730299
    0.0961     9      81.25112  77.17583   0.83024   1.17717  82.08136  78.35300  0.544927  0.340562 -2.932734 -2.976636
    0.1202    10      71.09969  64.82058   1.55327   1.93313  72.65296  66.75370  0.210898  0.129689 -2.903844 -2.751126
    0.1442    11      59.58845  56.04842   2.29144   2.60564  61.87989  58.65406  0.079293  0.048199 -2.548518 -2.319277
    0.1682    12      54.34421  55.44771   2.85770   3.13110  57.20191  58.57880  0.029098  0.010430 -2.080603 -1.619463
    0.2163    13      59.67841  63.77077   3.07830   2.74068  62.75671  66.51145  0.003678  0.001283 -1.219210 -0.895969
    0.2644    14      65.72018  64.85476   2.20673   1.58382  67.92691  66.43858  0.000444  0.000152 -0.646708 -0.460499
    0.3124    15      61.42587  56.14715   0.97629   0.47163  62.40215  56.61878  0.000052  0.000018 -0.324522 -0.226878
    0.3605    16      49.84888  36.98516   0.13369   0.08894  49.98257  37.07410  0.000006  0.000001 -0.157636 -0.075074
    0.4566    17      26.55688  19.63245   0.89195   2.35759  27.44883  21.99004  0.000000  0.000000 -0.035214 -0.016125
    0.5527    18      15.73430  13.86115   4.19913   6.12947  19.93342  19.99062  0.000000  0.000000 -0.007208 -0.003169
    0.6489    19      13.06702  12.67621   7.91866   9.41431  20.98567  22.09052  0.000000  0.000000 -0.001377 -0.000593
    0.7450    20      12.29656  11.00640  10.53827  11.63604  22.83483  22.64245  0.000000  0.000000 -0.000254 -0.000046
    0.9372    21       9.07064   6.95951  11.45460  10.44679  20.52524  17.40630  0.000000  0.000000 -0.000008 -0.000001
    1.1295    22       5.05132   3.51378   9.02946   7.50230  14.08078  11.01608  0.000000  0.000000 -0.000000 -0.000000
    1.3218    23       2.36517   1.55125   6.04825   4.76123   8.41342   6.31248  0.000000  0.000000 -0.000000 -0.000000
    1.5140    24       0.99638   0.39154   3.67613   2.09263   4.67251   2.48417  0.000000  0.000000 -0.000000 -0.000000
    1.8985    25       0.14648   0.05282   1.13505   0.59277   1.28153   0.64559  0.000000  0.000000 -0.000000 -0.000000
    2.2830    26       0.01851   0.00633   0.30012   0.14804   0.31863   0.15437  0.000000  0.000000 -0.000000 -0.000000
    2.6675    27       0.00212   0.00069   0.07141   0.03378   0.07353   0.03447  0.000000  0.000000 -0.000000 -0.000000
    3.0520    28       0.00022   0.00002   0.01571   0.00325   0.01593   0.00327  0.000000  0.000000  0.000000  0.000000
    3.8211    29       0.00000   0.00000   0.00064   0.00012   0.00064   0.00012  0.000000  0.000000  0.000000  0.000000
    4.5901    30       0.00000   0.00000   0.00002   0.00000   0.00002   0.00000  0.000000  0.000000  0.000000  0.000000
    5.3591    31       0.00000   0.00000   0.00000   0.00000   0.00000   0.00000  0.000000  0.000000  0.000000  0.000000
    6.1281    32       0.00000   0.00000   0.00000   0.00000   0.00000   0.00000  0.000000  0.000000  0.000000  0.000000
    7.6662    33       0.00000   0.00000   0.00000   0.00000   0.00000   0.00000  0.000000  0.000000  0.000000  0.000000
    9.2042    34       0.00000   0.00000   0.00000   0.00000   0.00000   0.00000  0.000000  0.000000  0.000000  0.000000
   10.7422    35       0.00000   0.00000   0.00000   0.00000   0.00000   0.00000  0.000000  0.000000  0.000000  0.000000
   12.2803    36       0.00000   0.00000   0.00000   0.00000   0.00000   0.00000  0.000000  0.000000  0.000000  0.000000
   15.3564    37       0.00000   0.00000   0.00000   0.00000   0.00000   0.00000  0.000000  0.000000  0.000000  0.000000
   18.4324    38       0.00000   0.00000   0.00000   0.00000   0.00000   0.00000  0.000000  0.000000  0.000000  0.000000
   21.5085    39       0.00000   0.00000   0.00000   0.00000   0.00000   0.00000  0.000000  0.000000  0.000000  0.000000
   24.5846    40       0.00000   0.00000   0.00000   0.00000   0.00000   0.00000  0.000000  0.000000  0.000000  0.000000
1Sn5+   4p54d10        nconf=  2      z= 50     ion= 5     kut=-1      exf=0.650     corrf=1.000   ca1=0.700   ca0=0.500



                           pnl( 2p)            pnl( 3s)            pnl( 3p)            pnl( 3d)            pnl( 4s) 
    r (a0)    nc          1         6         1         6         1         6         1         6         1         6


    0.0000     0      0.000000  0.030073  0.000000  0.306640  0.000000  0.013826  0.000000  0.000103  0.000000  0.134568
    0.0060     1      0.108202  0.221917  0.494598  0.604003  0.049688  0.101740  0.000772  0.002456  0.216944  0.264728
    0.0120     2      0.361652  0.519675  0.652989  0.654771  0.165441  0.237084  0.005502  0.010181  0.285880  0.286208
    0.0180     3      0.689677  0.866499  0.619794  0.556573  0.313606  0.392473  0.016690  0.025169  0.270318  0.241970
    0.0240     4      1.045932  1.399661  0.472150  0.262142  0.471594  0.624065  0.035710  0.063138  0.204282  0.110853
    0.0360     5      1.731016  2.027896  0.025818 -0.212269  0.760880  0.875705  0.098977  0.142835  0.006081 -0.099047
    0.0481     6      2.283710  2.495743 -0.435272 -0.632434  0.965004  1.027273  0.194050  0.251793 -0.196931 -0.282749
    0.0601     7      2.663956  2.790103 -0.797446 -0.927191  1.062472  1.071589  0.315142  0.383135 -0.353650 -0.408230
    0.0721     8      2.877082  2.948141 -1.020849 -1.104197  1.056303  0.961287  0.454812  0.605537 -0.446136 -0.474011
    0.0961     9      2.908284  2.787902 -1.064912 -0.927908  0.796704  0.582303  0.760515  0.914003 -0.445613 -0.372895
    0.1202    10      2.613546  2.406887 -0.719415 -0.463780  0.336219  0.074027  1.061410  1.199249 -0.268550 -0.144481
    0.1442    11      2.184731  1.959527 -0.181989  0.108818 -0.191519 -0.450488  1.325026  1.437105 -0.011052  0.123170
    0.1682    12      1.740069  1.339526  0.395268  0.918325 -0.695478 -1.124448  1.534562  1.684677  0.251481  0.471787
    0.2163    13      1.005927  0.741574  1.340301  1.646394 -1.456587 -1.689147  1.777410  1.818957  0.626264  0.708067
    0.2644    14      0.539095  0.387726  1.841010  1.938468 -1.830336 -1.893644  1.817399  1.781245  0.720832  0.673903
    0.3124    15      0.276566  0.196019  1.956953  1.914941 -1.894232 -1.846821  1.718576  1.636613  0.579082  0.448581
    0.3605    16      0.138241  0.067994  1.829285  1.581900 -1.764612 -1.538624  1.541535  1.331534  0.293843 -0.049582
    0.4566    17      0.032994  0.015659  1.298563  1.027241 -1.282187 -1.034140  1.118287  0.919207 -0.389369 -0.688969
    0.5527    18      0.007274  0.003329  0.790697  0.596177 -0.813986 -0.628914  0.743004  0.592697 -0.930058 -1.107392
    0.6489    19      0.001507  0.000677  0.442463  0.324424 -0.479027 -0.360865  0.467880  0.366304 -1.223879 -1.286852
    0.7450    20      0.000302  0.000060  0.235687  0.122063 -0.269563 -0.147806  0.284908  0.169906 -1.305514 -1.247003
    0.9372    21      0.000012  0.000002  0.062326  0.031627 -0.079956 -0.043013  0.100049  0.058478 -1.113292 -0.950207
    1.1295    22      0.000000  0.000000  0.015878  0.007784 -0.023056 -0.012175  0.034023  0.019692 -0.785701 -0.634674
    1.3218    23      0.000000  0.000000  0.003745  0.001778 -0.006301 -0.003214  0.011275  0.006387 -0.503608 -0.394031
    1.5140    24      0.000000  0.000000  0.000836  0.000181 -0.001622 -0.000404  0.003592  0.001119 -0.304816 -0.177619
    1.8985    25      0.000000  0.000000  0.000039  0.000008 -0.000099 -0.000024  0.000344  0.000105 -0.100729 -0.055962
    2.2830    26      0.000000  0.000000  0.000002  0.000000 -0.000006 -0.000001  0.000032  0.000010 -0.030579 -0.016452
    2.6675    27      0.000000  0.000000  0.000000  0.000000 -0.000000 -0.000000  0.000003  0.000001 -0.008677 -0.004490
    3.0520    28      0.000000  0.000000  0.000000  0.000000 -0.000000 -0.000000  0.000000  0.000000 -0.002293 -0.000583
    3.8211    29      0.000000  0.000000  0.000000  0.000000 -0.000000 -0.000000  0.000000  0.000000 -0.000145 -0.000035
    4.5901    30      0.000000  0.000000  0.000000  0.000000 -0.000000 -0.000000  0.000000  0.000000 -0.000009 -0.000002
    5.3591    31      0.000000  0.000000  0.000000  0.000000 -0.000000 -0.000000  0.000000  0.000000 -0.000000 -0.000000
    6.1281    32      0.000000  0.000000  0.000000  0.000000  0.000000  0.000000  0.000000  0.000000 -0.000000 -0.000000
    7.6662    33      0.000000  0.000000  0.000000  0.000000  0.000000  0.000000  0.000000  0.000000 -0.000000 -0.000000
    9.2042    34      0.000000  0.000000  0.000000  0.000000  0.000000  0.000000  0.000000  0.000000 -0.000000 -0.000000
   10.7422    35      0.000000  0.000000  0.000000  0.000000  0.000000  0.000000  0.000000  0.000000 -0.000000 -0.000000
   12.2803    36      0.000000  0.000000  0.000000  0.000000  0.000000  0.000000  0.000000  0.000000  0.000000  0.000000
   15.3564    37      0.000000  0.000000  0.000000  0.000000  0.000000  0.000000  0.000000  0.000000  0.000000  0.000000
   18.4324    38      0.000000  0.000000  0.000000  0.000000  0.000000  0.000000  0.000000  0.000000  0.000000  0.000000
   21.5085    39      0.000000  0.000000  0.000000  0.000000  0.000000  0.000000  0.000000  0.000000  0.000000  0.000000
   24.5846    40      0.000000  0.000000  0.000000  0.000000  0.000000  0.000000  0.000000  0.000000  0.000000  0.000000
1Sn5+   4p54d10        nconf=  2      z= 50     ion= 5     kut=-1      exf=0.650     corrf=1.000   ca1=0.700   ca0=0.500



                           pnl( 4p)            pnl( 4d) 
    r (a0)    nc          1         6         1         6         1         6         1         6         1         6


    0.0000     0      0.000000  0.005860  0.000000  0.000040
    0.0060     1      0.021055  0.043098  0.000302  0.000959
    0.0120     2      0.070053  0.100336  0.002148  0.003974
    0.0180     3      0.132636  0.165867  0.006512  0.009817
    0.0240     4      0.199130  0.262940  0.013923  0.024594
    0.0360     5      0.319694  0.366659  0.038509  0.055494
    0.0481     6      0.402310  0.426010  0.075267  0.097477
    0.0601     7      0.437767  0.438042  0.121737  0.147640
    0.0721     8      0.427608  0.378639  0.174780  0.231212
    0.0961     9      0.299742  0.200081  0.288139  0.343100
    0.1202    10      0.088147 -0.028692  0.394115  0.439673
    0.1442    11     -0.144356 -0.254096  0.478690  0.510454
    0.1682    12     -0.354329 -0.517050  0.534574  0.559562
    0.2163    13     -0.622115 -0.668784  0.554824  0.523515
    0.2644    14     -0.662114 -0.610146  0.469759  0.397972
    0.3124    15     -0.522029 -0.406868  0.312456  0.217169
    0.3605    16     -0.273069  0.021957  0.115623 -0.094308
    0.4566    17      0.317000  0.583877 -0.298655 -0.485550
    0.5527    18      0.807151  0.980967 -0.648007 -0.782910
    0.6489    19      1.105782  1.185800 -0.889868 -0.970274
    0.7450    20      1.227112  1.220394 -1.026561 -1.078705
    0.9372    21      1.135392  1.010586 -1.070262 -1.022095
    1.1295    22      0.871940  0.735292 -0.950235 -0.866158
    1.3218    23      0.609326  0.498047 -0.777705 -0.690016
    1.5140    24      0.402594  0.256291 -0.606311 -0.457453
    1.8985    25      0.158860  0.096497 -0.336905 -0.243468
    2.2830    26      0.057687  0.034034 -0.173239 -0.121671
    2.6675    27      0.019843  0.011419 -0.084502 -0.058119
    3.0520    28      0.006470  0.002009 -0.039631 -0.018028
    3.8211    29      0.000606  0.000179 -0.008002 -0.003481
    4.5901    30      0.000052  0.000015 -0.001490 -0.000629
    5.3591    31      0.000004  0.000001 -0.000262 -0.000108
    6.1281    32      0.000000  0.000000 -0.000044 -0.000007
    7.6662    33      0.000000  0.000000 -0.000001 -0.000000
    9.2042    34      0.000000  0.000000 -0.000000 -0.000000
   10.7422    35      0.000000  0.000000 -0.000000 -0.000000
   12.2803    36      0.000000  0.000000 -0.000000 -0.000000
   15.3564    37      0.000000  0.000000 -0.000000 -0.000000
   18.4324    38      0.000000  0.000000 -0.000000 -0.000000
   21.5085    39      0.000000  0.000000 -0.000000 -0.000000
   24.5846    40      0.000000  0.000000  0.000000  0.000000
1Sn5+   4p54d10        nconf=  2      z= 50     ion= 5     kut=-1      exf=0.650     corrf=1.000   ca1=0.700   ca0=0.500






  nl   wnl         ee          az      (r-3)      (r-2)      (r-1)      (r+1)      (r+2)      (r+3)      (r+4)      (r+6)

  1s    2.   -2162.59712   1006.057  0.000E+00  6.062E+03  5.299E+01  2.909E-02  1.145E-03  5.694E-05  3.424E-06  1.963E-08
  2s    2.    -337.77868    340.230  0.000E+00  6.767E+02  1.212E+01  1.254E-01  1.855E-02  3.123E-03  5.924E-04  2.958E-05
  2p    6.    -303.76234   4069.453  4.495E+03  1.834E+02  1.159E+01  1.099E-01  1.473E-02  2.339E-03  4.305E-04  2.133E-05
  3s    2.     -72.09604    149.984  0.000E+00  1.332E+02  4.322E+00  3.377E-01  1.303E-01  5.547E-02  2.585E-02  7.276E-03
  3p    6.     -60.61441   1872.161  8.299E+02  3.597E+01  4.095E+00  3.364E-01  1.312E-01  5.702E-02  2.741E-02  8.421E-03
  3d   10.     -42.83415   4314.215  1.194E+02  1.878E+01  3.872E+00  3.133E-01  1.162E-01  5.011E-02  2.474E-02  8.638E-03
  4s    2.     -16.37554     65.839  0.000E+00  2.633E+01  1.685E+00  8.164E-01  7.519E-01  7.585E-01  8.326E-01  1.281E+00
  4p    5.     -12.85302    793.589  1.456E+02  6.925E+00  1.540E+00  8.751E-01  8.703E-01  9.550E-01  1.149E+00  2.163E+00
  4d   10.      -7.20734   1685.191  1.545E+01  2.955E+00  1.272E+00  1.030E+00  1.233E+00  1.668E+00  2.528E+00  7.967E+00

       45.                                      1.536E+04  2.955E+02  2.310E+01  2.052E+01  2.395E+01  3.316E+01  9.320E+01

        1.                                      3.414E+02  6.566E+00  5.134E-01  4.561E-01  5.322E-01  7.368E-01  2.071E+00



            --------------------zeta---------------------
  nl   wnl    ----blume-watson----     -----(r*vi)-----     i (ryd)      eps s       evel       edar   evel+edar    erel
                 (ryd)      (cm-1)     (ryd)      (cm-1)
  1s    2.      0.00000       0.000   0.00000       0.000-2585.19518 -2152.77116 -528.31221  440.12746  -88.185 -2240.95591
  2s    2.      0.00000       0.000   0.00000       0.000 -646.66738  -334.36230  -72.96019   48.91027  -24.050  -358.41222
  2p    6.     11.22258 1231536.012  11.52213 1264407.703 -630.17643  -302.57674   -9.42429    0.00148   -9.424  -312.00103
  3s    2.      0.00000       0.000   0.00000       0.000 -269.91939   -70.58849  -14.79468    9.46660   -5.328   -75.91656
  3p    6.      2.06922  227070.331   2.11957  232595.985 -261.02421   -59.98540   -2.27963    0.00174   -2.280   -62.26503
  3d   10.      0.24239   26599.371   0.25862   28380.647 -251.62402   -43.45600   -0.53087   -0.01433   -0.531   -43.98687
  4s    2.      0.00000       0.000   0.00000       0.000 -126.51872   -16.06987   -2.88595    1.82258   -1.063   -17.13324
  4p    5.      0.36257   39787.578   0.37087   40698.439 -118.12834   -12.70971   -0.42596    0.00043   -0.426   -13.13567
  4d   10.      0.03101    3403.252   0.03286    3606.017 -101.40670    -7.64490   -0.08120   -0.00174   -0.081    -7.72610
1Sn5+   4p54d10        nconf=  2      z= 50     ion= 5     kut=-1      exf=0.650     corrf=1.000   ca1=0.700   ca0=0.500





0               without correlation                with correlation
              -----------------------           -----------------------
  nl   wnl       eps fg      eps fgr    corr       eps fg      eps fgr     n*r     n*rc     ect     ec-----------------

  1s    2.   -2162.51460  -2162.51460-0.08293  -2162.59753  -2162.59753  0.1290  0.1290  -0.08271   0.00000-0.0827
  2s    2.    -337.69627   -337.69627-0.08240   -337.77868   -337.77868  0.3265  0.3265  -0.23236  -0.06850-0.0811
  2p    6.    -303.68010   -303.68010-0.08248   -303.76259   -303.76259  0.3443  0.3443  -0.72472  -0.08179-0.0819-0.0821-0.0822
  3s    2.     -72.01469    -72.01469-0.08128    -72.09596    -72.09596  0.7070  0.7066  -0.87180  -0.06866-0.0784
  3p    6.     -60.53321    -60.53321-0.08128    -60.61449    -60.61449  0.7712  0.7707  -1.35139  -0.07919-0.0796-0.0799-0.0804
  3d   10.     -42.75274    -42.75274-0.08141    -42.83415    -42.83415  0.9176  0.9168  -2.16096  -0.08068-0.0808-0.0808-0.0812
  4s    2.     -16.29690    -16.29690-0.07855    -16.37545    -16.37545  1.4863  1.4827  -2.30032  -0.06575-0.0736
  4p    5.     -12.77515    -12.77515-0.07813    -12.85328    -12.85328  1.6787  1.6736  -2.67670  -0.07381-0.0748-0.0755-0.0763
  4d   10.      -7.13078     -7.13078-0.07666     -7.20744     -7.20744  2.2469  2.2349  -3.43356  -0.07410-0.0747-0.0751-0.0767

0                           ecorrt=  -3.60421 (old)              ect=  -3.43356 (new)     etotrl=      0.00000 +  0.00000 +  0.00000

      etot= -12324.89491 -12324.89491         -12328.49912 -12328.49912 -12328.32847 -12328.32847 -12328.32847


 Sn5+   4p54d10         2 -12328.3285 0   39.7876 2


0    t(run)=  0.05,     t(job)=   0.10 seconds
1
   Sn5+   4d84f1           nconf=  3    z= 50    ncores= 9    nvales= 1    ion= 5    r(i)/x(i)=0.24031862      ca1=0.700

 tolstb=1.000   tolk-2=0.20000   tolend= 0.5E-07   thresh= 0.1E-10   kut=-1    exf=0.650   corrf=1.000      ca0= 0.500

0rcn mod 36  ihf1= 2        mesh= 641   idb= 641   rdb=1574.928   emx=   0.00   r(mesh)=1574.928     irel= 1     ib= 641
0hfr      energy = e(av)


0    t(run)=  0.07,     t(job)=   0.16 seconds
1Sn5+   4d84f1         nconf=  3      z= 50     ion= 5     kut=-1      exf=0.650     corrf=1.000   ca1=0.700   ca0=0.500



                           rscore(i)           rsvale(i)           rsatom(i)           pnl( 1s)            pnl( 2s) 
    r (a0)    nc          1         6         1         6         1         6         1         6         1         6


    0.0000     0       0.00000   9.85229   0.00000   0.00000   0.00000   9.85229  0.000000  2.079702  0.000000  0.696570
    0.0060     1      26.58368  41.98184   0.00000   0.00000  26.58368  41.98184  3.418644  4.297044  1.126273  1.380567
    0.0120     2      53.34927  60.34752   0.00000   0.00000  53.34927  60.34752  4.839818  5.133509  1.500635  1.516222
    0.0180     3      63.64625  64.24810   0.00000   0.00000  63.64625  64.24810  5.242456  5.215714  1.450596  1.322521
    0.0240     4      63.15583  59.10565   0.00000   0.00000  63.15583  59.10565  5.091058  4.658024  1.147326  0.703740
    0.0360     5      55.96672  55.50900   0.00000   0.00000  55.96672  55.50900  4.104960  3.525702  0.196093 -0.324979
    0.0481     6      57.78157  61.99920   0.00000   0.00000  57.78157  61.99921  2.972123  2.470273 -0.826020 -1.285707
    0.0601     7      67.14001  72.27350   0.00000   0.00000  67.14001  72.27350  2.030621  1.654556 -1.692144 -2.039726
    0.0721     8      76.70318  81.96686   0.00001   0.00002  76.70319  81.96689  1.338491  0.861338 -2.327189 -2.730242
    0.0961     9      82.04436  78.19833   0.00005   0.00011  82.04442  78.19844  0.544989  0.340608 -2.932717 -2.976654
    0.1202    10      72.39459  66.41957   0.00020   0.00034  72.39478  66.41991  0.210930  0.129709 -2.903888 -2.751184
    0.1442    11      61.50479  58.27328   0.00055   0.00084  61.50534  58.27413  0.079304  0.048204 -2.548578 -2.319332
    0.1682    12      56.84655  58.33784   0.00124   0.00241  56.84778  58.34025  0.029100  0.010430 -2.080647 -1.619479
    0.2163    13      62.66084  66.54024   0.00421   0.00676  62.66505  66.54700  0.003678  0.001282 -1.219203 -0.895949
    0.2644    14      68.03383  66.57331   0.01015   0.01446  68.04398  66.58777  0.000444  0.000152 -0.646684 -0.460476
    0.3124    15      62.52459  56.70473   0.01972   0.02596  62.54432  56.73069  0.000052  0.000018 -0.324501 -0.226859
    0.3605    16      50.02344  37.04271   0.03317   0.05030  50.05661  37.09300  0.000006  0.000001 -0.157619 -0.075057
    0.4566    17      27.39656  21.95522   0.07063   0.09348  27.46719  22.04870  0.000000  0.000000 -0.035196 -0.016109
    0.5527    18      19.92020  19.97270   0.11808   0.14365  20.03828  20.11635  0.000000  0.000000 -0.007197 -0.003162
    0.6489    19      20.92081  21.93531   0.16952   0.19513  21.09033  22.13044  0.000000  0.000000 -0.001373 -0.000591
    0.7450    20      22.55504  22.06803   0.22005   0.26676  22.77509  22.33480  0.000000  0.000000 -0.000253 -0.000046
    0.9372    21      19.68326  16.38683   0.30838   0.34456  19.99164  16.73139  0.000000  0.000000 -0.000008 -0.000001
    1.1295    22      12.98888   9.94189   0.37538   0.40095  13.36425  10.34284  0.000000  0.000000 -0.000000 -0.000000
    1.3218    23       7.42031   5.43673   0.42139   0.43672   7.84169   5.87345  0.000000  0.000000 -0.000000 -0.000000
    1.5140    24       3.92840   1.99050   0.44699   0.45269   4.37539   2.44319  0.000000  0.000000 -0.000000 -0.000000
    1.8985    25       0.98033   0.47282   0.43999   0.41187   1.42032   0.88469  0.000000  0.000000 -0.000000 -0.000000
    2.2830    26       0.22416   0.10468   0.37245   0.32629   0.59661   0.43097  0.000000  0.000000 -0.000000 -0.000000
    2.6675    27       0.04822   0.02193   0.27767   0.23012   0.32588   0.25204  0.000000  0.000000 -0.000000 -0.000000
    3.0520    28       0.00986   0.00193   0.18616   0.11429   0.19602   0.11622  0.000000  0.000000  0.000000  0.000000
    3.8211    29       0.00036   0.00006   0.06522   0.03501   0.06558   0.03507  0.000000  0.000000  0.000000  0.000000
    4.5901    30       0.00001   0.00000   0.01784   0.00870   0.01785   0.00870  0.000000  0.000000  0.000000  0.000000
    5.3591    31       0.00000   0.00000   0.00408   0.00185   0.00409   0.00185  0.000000  0.000000  0.000000  0.000000
    6.1281    32       0.00000   0.00000   0.00082   0.00015   0.00082   0.00015  0.000000  0.000000  0.000000  0.000000
    7.6662    33       0.00000   0.00000   0.00002   0.00000   0.00002   0.00000  0.000000  0.000000  0.000000  0.000000
    9.2042    34       0.00000   0.00000   0.00000   0.00000   0.00000   0.00000  0.000000  0.000000  0.000000  0.000000
   10.7422    35       0.00000   0.00000   0.00000   0.00000   0.00000   0.00000  0.000000  0.000000  0.000000  0.000000
   12.2803    36       0.00000   0.00000   0.00000   0.00000   0.00000   0.00000  0.000000  0.000000  0.000000  0.000000
   15.3564    37       0.00000   0.00000   0.00000   0.00000   0.00000   0.00000  0.000000  0.000000  0.000000  0.000000
   18.4324    38       0.00000   0.00000   0.00000   0.00000   0.00000   0.00000  0.000000  0.000000  0.000000  0.000000
   21.5085    39       0.00000   0.00000   0.00000   0.00000   0.00000   0.00000  0.000000  0.000000  0.000000  0.000000
   24.5846    40       0.00000   0.00000   0.00000   0.00000   0.00000   0.00000  0.000000  0.000000  0.000000  0.000000
   30.7368    41       0.00000   0.00000   0.00000   0.00000   0.00000   0.00000  0.000000  0.000000  0.000000  0.000000
   36.8889    42       0.00000   0.00000   0.00000   0.00000   0.00000   0.00000  0.000000  0.000000  0.000000  0.000000
   43.0411    43       0.00000   0.00000   0.00000   0.00000   0.00000   0.00000  0.000000  0.000000  0.000000  0.000000
   49.1932    44       0.00000   0.00000   0.00000   0.00000   0.00000   0.00000  0.000000  0.000000  0.000000  0.000000
1Sn5+   4d84f1         nconf=  3      z= 50     ion= 5     kut=-1      exf=0.650     corrf=1.000   ca1=0.700   ca0=0.500



                           pnl( 2p)            pnl( 3s)            pnl( 3p)            pnl( 3d)            pnl( 4s) 
    r (a0)    nc          1         6         1         6         1         6         1         6         1         6


    0.0000     0      0.000000  0.030072  0.000000  0.306794  0.000000  0.013838  0.000000  0.000103  0.000000  0.135136
    0.0060     1      0.108199  0.221913  0.494846  0.604307  0.049729  0.101823  0.000772  0.002455  0.217860  0.265846
    0.0120     2      0.361645  0.519666  0.653320  0.655105  0.165577  0.237278  0.005502  0.010180  0.287088  0.287419
    0.0180     3      0.689666  0.866485  0.620113  0.556863  0.313863  0.392794  0.016688  0.025166  0.271463  0.242998
    0.0240     4      1.045917  1.399646  0.472401  0.262294  0.471980  0.624575  0.035706  0.063132  0.205152  0.111333
    0.0360     5      1.731004  2.027891  0.025857 -0.212345  0.761500  0.876418  0.098969  0.142824  0.006123 -0.099447
    0.0481     6      2.283715  2.495760 -0.435457 -0.632717  0.965785  1.028099  0.194037  0.251778 -0.197743 -0.283922
    0.0601     7      2.663988  2.790150 -0.797811 -0.927621  1.063319  1.072432  0.315126  0.383120 -0.355122 -0.409933
    0.0721     8      2.877145  2.948228 -1.021325 -1.104711  1.057120  0.961986  0.454798  0.605530 -0.447998 -0.475990
    0.0961     9      2.908384  2.788001 -1.065394 -0.928298  0.797216  0.582578  0.760520  0.914024 -0.447469 -0.374436
    0.1202    10      2.613631  2.406945 -0.719669 -0.463870  0.336226  0.073756  1.061449  1.199306 -0.269639 -0.145033
    0.1442    11      2.184755  1.959513 -0.181902  0.109079 -0.192059 -0.451277  1.325099  1.437189 -0.011029  0.123767
    0.1682    12      1.740018  1.339411  0.395689  0.918992 -0.696482 -1.125758  1.534651  1.684758  0.252619  0.473828
    0.2163    13      1.005772  0.741405  1.341086  1.647172 -1.458021 -1.690537  1.777461  1.818960  0.628884  0.710920
    0.2644    14      0.538930  0.387579  1.841679  1.938959 -1.831550 -1.894589  1.817348  1.781140  0.723597  0.676312
    0.3124    15      0.276443  0.195921  1.957233  1.915001 -1.894855 -1.847106  1.718427  1.636431  0.580930  0.449724
    0.3605    16      0.138167  0.067959  1.829140  1.581434 -1.764566 -1.538007  1.541335  1.331345  0.294198 -0.050866
    0.4566    17      0.032985  0.015659  1.297923  1.026559 -1.281171 -1.032899  1.118162  0.919180 -0.392130 -0.692883
    0.5527    18      0.007277  0.003331  0.790066  0.595647 -0.812663 -0.627608  0.743086  0.592882 -0.934717 -1.112374
    0.6489    19      0.001509  0.000678  0.442050  0.324123 -0.477800 -0.359745  0.468150  0.366633 -1.228787 -1.291344
    0.7450    20      0.000303  0.000060  0.235482  0.121986 -0.268560 -0.147024  0.285273  0.170276 -1.309312 -1.248854
    0.9372    21      0.000012  0.000002  0.062310  0.031632 -0.079353 -0.042551  0.100373  0.058737 -1.112881 -0.947634
    1.1295    22      0.000000  0.000000  0.015884  0.007785 -0.022709 -0.011933  0.034216  0.019828 -0.781338 -0.629028
    1.3218    23      0.000000  0.000000  0.003743  0.001775 -0.006149 -0.003125  0.011362  0.006437 -0.497210 -0.387359
    1.5140    24      0.000000  0.000000  0.000834  0.000180 -0.001571 -0.000389  0.003618  0.001125 -0.298255 -0.172011
    1.8985    25      0.000000  0.000000  0.000038  0.000008 -0.000095 -0.000023  0.000345  0.000105 -0.096459 -0.052965
    2.2830    26      0.000000  0.000000  0.000002  0.000000 -0.000005 -0.000001  0.000032  0.000009 -0.028597 -0.015196
    2.6675    27      0.000000  0.000000  0.000000  0.000000 -0.000000 -0.000000  0.000003  0.000001 -0.007908 -0.004040
    3.0520    28      0.000000  0.000000  0.000000  0.000000 -0.000000 -0.000000  0.000000  0.000000 -0.002038 -0.000506
    3.8211    29      0.000000  0.000000  0.000000  0.000000 -0.000000 -0.000000  0.000000  0.000000 -0.000123 -0.000029
    4.5901    30      0.000000  0.000000  0.000000  0.000000 -0.000000 -0.000000  0.000000  0.000000 -0.000007 -0.000002
    5.3591    31      0.000000  0.000000  0.000000  0.000000 -0.000000 -0.000000  0.000000  0.000000 -0.000000 -0.000000
    6.1281    32      0.000000  0.000000  0.000000  0.000000  0.000000  0.000000  0.000000  0.000000 -0.000000 -0.000000
    7.6662    33      0.000000  0.000000  0.000000  0.000000  0.000000  0.000000  0.000000  0.000000 -0.000000 -0.000000
    9.2042    34      0.000000  0.000000  0.000000  0.000000  0.000000  0.000000  0.000000  0.000000 -0.000000 -0.000000
   10.7422    35      0.000000  0.000000  0.000000  0.000000  0.000000  0.000000  0.000000  0.000000 -0.000000 -0.000000
   12.2803    36      0.000000  0.000000  0.000000  0.000000  0.000000  0.000000  0.000000  0.000000  0.000000  0.000000
   15.3564    37      0.000000  0.000000  0.000000  0.000000  0.000000  0.000000  0.000000  0.000000  0.000000  0.000000
   18.4324    38      0.000000  0.000000  0.000000  0.000000  0.000000  0.000000  0.000000  0.000000  0.000000  0.000000
   21.5085    39      0.000000  0.000000  0.000000  0.000000  0.000000  0.000000  0.000000  0.000000  0.000000  0.000000
   24.5846    40      0.000000  0.000000  0.000000  0.000000  0.000000  0.000000  0.000000  0.000000  0.000000  0.000000
   30.7368    41      0.000000  0.000000  0.000000  0.000000  0.000000  0.000000  0.000000  0.000000  0.000000  0.000000
   36.8889    42      0.000000  0.000000  0.000000  0.000000  0.000000  0.000000  0.000000  0.000000  0.000000  0.000000
   43.0411    43      0.000000  0.000000  0.000000  0.000000  0.000000  0.000000  0.000000  0.000000  0.000000  0.000000
   49.1932    44      0.000000  0.000000  0.000000  0.000000  0.000000  0.000000  0.000000  0.000000  0.000000  0.000000
1Sn5+   4d84f1         nconf=  3      z= 50     ion= 5     kut=-1      exf=0.650     corrf=1.000   ca1=0.700   ca0=0.500



                           pnl( 4p)            pnl( 4d)            pnl( 4f) 
    r (a0)    nc          1         6         1         6         1         6         1         6         1         6


    0.0000     0      0.000000  0.005889  0.000000  0.000041  0.000000  0.000000
    0.0060     1      0.021159  0.043311  0.000306  0.000974  0.000000  0.000001
    0.0120     2      0.070399  0.100832  0.002181  0.004034  0.000005  0.000011
    0.0180     3      0.133291  0.166686  0.006612  0.009967  0.000021  0.000038
    0.0240     4      0.200113  0.264237  0.014136  0.024970  0.000062  0.000141
    0.0360     5      0.321270  0.368463  0.039098  0.056343  0.000273  0.000471
    0.0481     6      0.404286  0.428097  0.076419  0.098971  0.000751  0.001126
    0.0601     7      0.439904  0.440170  0.123602  0.149902  0.001607  0.002206
    0.0721     8      0.429672  0.380430  0.177459  0.234757  0.002933  0.004801
    0.0961     9      0.301104  0.200907  0.292555  0.348355  0.007261  0.010347
    0.1202    10      0.088375 -0.029082  0.400145  0.446388  0.014071  0.018434
    0.1442    11     -0.145348 -0.255649  0.485981  0.518204  0.023423  0.029016
    0.1682    12     -0.356381 -0.519860  0.542656  0.567926  0.035184  0.049104
    0.2163    13     -0.625324 -0.672041  0.562984  0.531041  0.064878  0.082190
    0.2644    14     -0.665107 -0.612623  0.476291  0.403230  0.100736  0.120237
    0.3124    15     -0.523801 -0.407808  0.316232  0.219324  0.140443  0.161134
    0.3605    16     -0.273105  0.023759  0.116079 -0.097283  0.182113  0.224266
    0.4566    17      0.320449  0.588621 -0.304841 -0.494515  0.265763  0.305748
    0.5527    18      0.812761  0.987003 -0.659185 -0.795674  0.343622  0.379010
    0.6489    19      1.111836  1.191515 -0.903581 -0.984321  0.411726  0.441733
    0.7450    20      1.232197  1.223605 -1.040380 -1.090648  0.469099  0.516493
    0.9372    21      1.136303  1.009159 -1.078937 -1.026708  0.555317  0.586995
    1.1295    22      0.868413  0.730075 -0.950509 -0.862233  0.612681  0.633209
    1.3218    23      0.602901  0.490899 -0.770015 -0.679178  0.649142  0.660848
    1.5140    24      0.395157  0.249260 -0.593027 -0.441380  0.668573  0.672819
    1.8985    25      0.152981  0.091981 -0.320410 -0.228157  0.663314  0.641770
    2.2830    26      0.054428  0.031793 -0.159981 -0.110767  0.610287  0.571215
    2.6675    27      0.018360  0.010466 -0.075886 -0.051526  0.526940  0.479703
    3.0520    28      0.005879  0.001797 -0.034718 -0.015455  0.431465  0.338072
    3.8211    29      0.000534  0.000156 -0.006707 -0.002841  0.255381  0.187101
    4.5901    30      0.000045  0.000013 -0.001181 -0.000483  0.133578  0.093282
    5.3591    31      0.000004  0.000001 -0.000195 -0.000078  0.063912  0.043067
    6.1281    32      0.000000  0.000000 -0.000031 -0.000005  0.028599  0.012148
    7.6662    33      0.000000  0.000000 -0.000001 -0.000000  0.004949  0.001949
    9.2042    34      0.000000  0.000000 -0.000000 -0.000000  0.000746  0.000279
   10.7422    35      0.000000  0.000000 -0.000000 -0.000000  0.000102  0.000037
   12.2803    36      0.000000  0.000000 -0.000000 -0.000000  0.000013  0.000002
   15.3564    37      0.000000  0.000000 -0.000000 -0.000000  0.000000  0.000000
   18.4324    38      0.000000  0.000000 -0.000000 -0.000000  0.000000  0.000000
   21.5085    39      0.000000  0.000000 -0.000000 -0.000000  0.000000  0.000000
   24.5846    40      0.000000  0.000000  0.000000  0.000000  0.000000  0.000000
   30.7368    41      0.000000  0.000000  0.000000  0.000000  0.000000  0.000000
   36.8889    42      0.000000  0.000000  0.000000  0.000000  0.000000  0.000000
   43.0411    43      0.000000  0.000000  0.000000  0.000000  0.000000  0.000000
   49.1932    44      0.000000  0.000000  0.000000  0.000000  0.000000  0.000000
1Sn5+   4d84f1         nconf=  3      z= 50     ion= 5     kut=-1      exf=0.650     corrf=1.000   ca1=0.700   ca0=0.500






  nl   wnl         ee          az      (r-3)      (r-2)      (r-1)      (r+1)      (r+2)      (r+3)      (r+4)      (r+6)

  1s    2.   -2162.96277   1006.040  0.000E+00  6.062E+03  5.299E+01  2.909E-02  1.145E-03  5.695E-05  3.425E-06  1.963E-08
  2s    2.    -338.25419    340.226  0.000E+00  6.767E+02  1.212E+01  1.254E-01  1.855E-02  3.123E-03  5.924E-04  2.958E-05
  2p    6.    -304.23218   4069.367  4.495E+03  1.834E+02  1.159E+01  1.099E-01  1.473E-02  2.339E-03  4.304E-04  2.132E-05
  3s    2.     -72.53715    150.059  0.000E+00  1.333E+02  4.324E+00  3.376E-01  1.302E-01  5.543E-02  2.582E-02  7.267E-03
  3p    6.     -61.06453   1873.691  8.312E+02  3.602E+01  4.098E+00  3.362E-01  1.310E-01  5.689E-02  2.731E-02  8.370E-03
  3d   10.     -43.25916   4313.761  1.194E+02  1.878E+01  3.872E+00  3.133E-01  1.163E-01  5.014E-02  2.476E-02  8.662E-03
  4s    2.     -16.85918     66.117  0.000E+00  2.654E+01  1.691E+00  8.133E-01  7.456E-01  7.481E-01  8.157E-01  1.234E+00
  4p    6.     -13.13155    797.511  1.470E+02  6.987E+00  1.548E+00  8.708E-01  8.612E-01  9.386E-01  1.120E+00  2.068E+00
  4d    8.      -7.62642   1710.961  1.590E+01  3.028E+00  1.289E+00  1.016E+00  1.196E+00  1.587E+00  2.353E+00  7.065E+00
  4f    1.      -2.72268    272.235  6.599E-01  5.366E-01  6.298E-01  2.010E+00  4.851E+00  1.354E+01  4.266E+01  5.700E+02

       45.                                      1.537E+04  2.953E+02  2.378E+01  2.341E+01  3.434E+01  7.031E+01  6.416E+02

        1.                                      3.415E+02  6.563E+00  5.284E-01  5.203E-01  7.631E-01  1.562E+00  1.426E+01



            --------------------zeta---------------------
  nl   wnl    ----blume-watson----     -----(r*vi)-----     i (ryd)      eps s       evel       edar   evel+edar    erel
                 (ryd)      (cm-1)     (ryd)      (cm-1)
  1s    2.      0.00000       0.000   0.00000       0.000-2585.19362 -2153.13177 -528.29306  440.11149  -88.182 -2241.31334
  2s    2.      0.00000       0.000   0.00000       0.000 -646.66583  -334.84200  -72.95773   48.90934  -24.048  -358.89039
  2p    6.     11.22212 1231485.602  11.52183 1264374.217 -630.17973  -303.04964   -9.42409    0.00149   -9.424  -312.47373
  3s    2.      0.00000       0.000   0.00000       0.000 -269.95676   -71.01456  -14.80947    9.47609   -5.333   -76.34794
  3p    6.      2.07254  227434.900   2.12296  232968.225 -261.10460   -60.41286   -2.28355    0.00172   -2.284   -62.69641
  3d   10.      0.24242   26601.994   0.25861   28379.714 -251.62069   -43.89483   -0.53088   -0.01432   -0.531   -44.42571
  4s    2.      0.00000       0.000   0.00000       0.000 -126.82464   -16.44955   -2.91036    1.83800   -1.072   -17.52191
  4p    6.      0.36613   40178.472   0.37451   41098.060 -118.50299   -13.07871   -0.43027    0.00042   -0.430   -13.50897
  4d    8.      0.03195    3506.538   0.03386    3715.601 -102.40713    -7.99459   -0.08373   -0.00179   -0.084    -8.07832
  4f    1.      0.00058      63.553   0.00070      76.427  -56.01572    -2.85061   -0.00233   -0.00012   -0.002    -2.85293
1Sn5+   4d84f1         nconf=  3      z= 50     ion= 5     kut=-1      exf=0.650     corrf=1.000   ca1=0.700   ca0=0.500





0               without correlation                with correlation
              -----------------------           -----------------------
  nl   wnl       eps fg      eps fgr    corr       eps fg      eps fgr     n*r     n*rc     ect     ec-----------------

  1s    2.   -2162.88024  -2162.88024-0.08293  -2162.96317  -2162.96317  0.1290  0.1290  -0.08271   0.00000-0.0827
  2s    2.    -338.17177   -338.17177-0.08240   -338.25417   -338.25417  0.3263  0.3262  -0.23236  -0.06850-0.0811
  2p    6.    -304.14995   -304.14995-0.08248   -304.23243   -304.23243  0.3440  0.3440  -0.72472  -0.08179-0.0819-0.0821-0.0822
  3s    2.     -72.45580    -72.45580-0.08128    -72.53707    -72.53707  0.7049  0.7045  -0.87181  -0.06867-0.0784
  3p    6.     -60.98332    -60.98332-0.08128    -61.06460    -61.06460  0.7683  0.7678  -1.35143  -0.07919-0.0796-0.0799-0.0804
  3d   10.     -43.17776    -43.17776-0.08141    -43.25916    -43.25916  0.9131  0.9122  -2.16098  -0.08067-0.0808-0.0808-0.0812
  4s    2.     -16.78053    -16.78053-0.07854    -16.85907    -16.85907  1.4647  1.4613  -2.30059  -0.06594-0.0737
  4p    6.     -13.05366    -13.05366-0.07813    -13.13179    -13.13179  1.6607  1.6557  -2.75388  -0.07388-0.0749-0.0755-0.0766
  4d    8.      -7.54967     -7.54967-0.07684     -7.62651     -7.62651  2.1837  2.1726  -3.36029  -0.07464-0.0751-0.0755-0.0766
  4f    1.      -2.66398     -2.66398-0.05869     -2.72267     -2.72267  3.6761  3.6362  -3.41898  -0.05869

0                           ecorrt=  -3.58916 (old)              ect=  -3.41898 (new)     etotrl=      0.00000 +  0.00000 +  0.00000

      etot= -12326.01123 -12326.01123         -12329.60040 -12329.60040 -12329.43021 -12329.43021 -12329.43021


 Sn5+   4d84f1         10 -12329.4302 0   99.8486 1   66.4087 1    3.5065 2    0.0636 2
    49.4418 3   29.0269 3   53.6373 4   32.0263 4   22.2116 4


0    t(run)=  0.09,     t(job)=   0.18 seconds
