1
   Sn10+  4p64d4           nconf=  1    z= 50    ncores= 8    nvales= 1    ion=10    r(i)/x(i)=0.24031862      ca1=0.700

 tolstb=1.000   tolk-2=0.20000   tolend= 0.5E-07   thresh= 0.1E-10   kut=-1    exf=0.650   corrf=1.000      ca0= 0.500

0rcn mod 36  ihf1= 2        mesh= 641   idb= 641   rdb=1574.928   emx=   0.00   r(mesh)=1574.928     irel= 1     ib= 641
0hfr      energy = e(av)


0    t(run)=  0.04,     t(job)=   0.04 seconds
1Sn10+  4p64d4         nconf=  1      z= 50     ion=10     kut=-1      exf=0.650     corrf=1.000   ca1=0.700   ca0=0.500



                           rscore(i)           rsvale(i)           rsatom(i)           pnl( 1s)            pnl( 2s) 
    r (a0)    nc          1         6         1         6         1         6         1         6         1         6


    0.0000     0       0.00000   9.85616   0.00000   0.00000   0.00000   9.85616  0.000000  2.079666  0.000000  0.696663
    0.0060     1      26.59413  41.99852   0.00000   0.00000  26.59413  41.99852  3.418591  4.296982  1.126426  1.380758
    0.0120     2      53.37123  60.37417   0.00002   0.00008  53.37125  60.37425  4.839753  5.133446  1.500845  1.516438
    0.0180     3      63.67769  64.28510   0.00022   0.00050  63.67791  64.28561  5.242400  5.215666  1.450808  1.322721
    0.0240     4      63.19960  59.16699   0.00101   0.00316  63.20061  59.17016  5.091021  4.658009  1.147507  0.703871
    0.0360     5      56.04909  55.61090   0.00776   0.01611  56.05685  55.62701  4.104970  3.525733  0.196163 -0.324973
    0.0481     6      57.89509  62.11009   0.02962   0.04968  57.92471  62.15976  2.972171  2.470334 -0.826078 -1.285826
    0.0601     7      67.22878  72.31718   0.07746   0.11391  67.30625  72.43109  2.030690  1.654629 -1.692317 -2.039947
    0.0721     8      76.67721  81.73043   0.15960   0.27912  76.83681  82.00955  1.338565  0.861404 -2.327448 -2.730549
    0.0961     9      81.52054  77.34296   0.43314   0.61355  81.95368  77.95651  0.545042  0.340647 -2.933031 -2.976937
    0.1202    10      71.19988  64.91019   0.80864   1.00502  72.00851  65.91521  0.210956  0.129724 -2.904107 -2.751318
    0.1442    11      59.72994  56.29757   1.18938   1.349 Eav & pars     4 -12282.8144 0111.6601 1 75.1969 1  4.4139 2
 finished  Sn10+  4p64d4   at   t(run)=  0.04,     t(job)=   0.04 seconds


 Sn10+  4p54d5      Z= 50   Ion stage= 10   Noelec= 40   IREL=1   EMX=  0.00   IDB= 641   R( 641)=1574.9

  it  time   delta  idel kut itp  1s    2s    2p    3s    3p    3d    4s    4p    4d
                                   2.    2.    6.    2.    6.   10.    2.    5.    5.
   1  0.00 -0.559267 138  0   1  0.400 0.000 0.000 0.000 0.000 0.000 0.000 0.000 0.000
   2  0.02  0.296762 118  0   1  0.400 0.000 0.000 0.000 0.000 0.000 0.000 0.000 0.000
   3  0.02  0.167037 116  0   2  0.320 0.320 0.320 0.320 0.320 0.320 0.320 0.320 0.320
   4  0.02 -0.034964 122 -1   2  0.320 0.320 0.320 0.320 0.320 0.320 0.320 0.320 0.320
   5  0.02 -0.026292 118 -1   3  0.480 0.320 0.480 0.480 0.480 0.480 0.480 0.480 0.480
   6  0.02  0.009112 252 -1   4  0.720 0.213 0.720 0.720 0.720 0.720 0.720 0.720 0.720
   7  0.02  0.004626 153 -1   5  0.720 0.320 1.000 1.000 1.000 1.000 1.000 1.000 1.000
   8  0.02 -0.001480 177 -1   6  0.720 0.480 1.000 1.000 1.000 1.000 1.000 1.000 1.000
   9  0.02  0.000513 167 -1   7  1.000 0.720 1.000 1.000 0.667 0.667 0.667 0.667 0.667
  10  0.02  0.000125  78 -1   8  1.000 1.000 1.000 0.667 0.667 0.667 0.667 0.667 0.667
  11  0.03  0.000016  83 -1   9  1.000 1.000 0.667 1.000 0.667 0.444 1.000 0.444 0.444
  12  0.04 -0.000014  87 -1  10  0.667 0.667 1.000 1.000 1.000 0.667 0.667 0.667 0.444
  13  0.04  0.000003 133 -1  11  0.667 0.667 0.667 0.667 0.667 0.667 1.000 0.444 0.296
  14  0.04 -0.000000 181 -1  12  0.667 1.000 1.000 0.667 0.667 0.444 0.667 0.444 0.296
  15  0.04 -0.000000 169 -1  13  1.000 0.667 1.000 1.000 1.000 0.667 1.000 0.667 0.444
  16  0.04 -0.000000 142 -1  14  0.667 0.667 0.667 1.000 1.000 1.000 1.000 1.000 0.667
  17  0.04  0.000000 136 -1  15  1.000 0.667 0.667 1.000 1.000 1.000 1.000 1.000 1.000
 Eav & pars     8 -12277.2930 0111.7715 1 75.2688 1 45.0852 2  4.4358 2
 117.4038 3149.0877 4 93.6567 4
 finished  Sn10+  4p54d5   at   t(run)=  0.05,     t(job)=   0.09 seconds


 Sn10+  4d34f1      Z= 50   Ion stage= 10   Noelec= 40   IREL=1   EMX=  0.00   IDB= 641   R( 641)=1574.9

  it  time   delta  idel kut itp  1s    2s    2p    3s    3p    3d    4s    4p    4d    4f
                                   2.    2.    6.    2.    6.   10.    2.    6.    3.    1.
   1  0.00 -0.581435 131  0   1  0.400 0.000 0.000 0.000 0.000 0.000 0.000 0.000 0.000 0.000
   2  0.00  0.284235 122  0   1  0.400 0.000 0.000 0.000 0.000 0.000 0.000 0.000 0.000 0.000
   3  0.00  0.158648 120  0   2  0.320 0.320 0.320 0.320 0.320 0.320 0.320 0.320 0.320 0.320
   4  0.00 -0.034412 122 -1   2  0.320 0.320 0.320 0.320 0.320 0.320 0.320 0.320 0.320 0.320
   5  0.00 -0.025767 119 -1   3  0.480 0.320 0.480 0.480 0.480 0.480 0.480 0.480 0.480 0.480
   6  0.02 -0.009611  99 -1   4  0.720 0.480 0.720 0.720 0.720 0.720 0.720 0.720 0.720 0.720
   7  0.02  0.004886 151 -1   5  0.720 0.720 1.000 1.000 1.000 1.000 1.000 1.000 1.000 1.000
   8  0.02 -0.001697 174 -1   6  0.480 1.000 1.000 1.000 1.000 1.000 1.000 1.000 1.000 1.000
   9  0.02  0.000505 173 -1   7  0.720 1.000 1.000 1.000 0.667 0.667 0.667 0.667 0.667 0.667
  10  0.02 -0.000030  87 -1   8  1.000 0.667 0.667 0.667 0.667 0.667 0.667 0.667 0.667 0.667
  11  0.03  0.000009 175 -1   9  1.000 0.667 0.667 1.000 1.000 1.000 0.667 1.000 1.000 1.000
  12  0.03 -0.000003 147 -1  10  1.000 1.000 1.000 1.000 0.667 0.667 0.444 0.667 0.667 0.667
  13  0.03  0.000001  98 -1  11  0.667 1.000 1.000 1.000 0.667 0.667 0.444 0.667 0.667 0.667
  14  0.03 -0.000000 115 -1  12  0.667 0.667 0.667 0.667 1.000 0.444 0.296 0.444 1.000 1.000
  15  0.03  0.000000 192 -1  13  1.000 0.667 0.667 1.000 0.667 0.444 0.200 0.444 0.667 0.667
 Eav & pars    10 -12277.1652 0112.1565 1 75.5545 1  4.4712 2  0.2959 2
  98.3656 3 63.9500 3117.7448 4 74.5632 4 52.9552 4
 finished  Sn10+  4d34f1   at   t(run)=  0.05,     t(job)=   0.14 seconds
.
Finished at                                  13:18:18.82, Wed 07/16/2025
Time spent:                                  0 hr 0 min 0.16 sec
42  0.763415  0.878604  0.099262  0.143246  0.006258 -0.103696
    0.0481     6      2.283993  2.496068 -0.436424 -0.634090  0.968169  1.030604  0.194609  0.252520 -0.206060 -0.295788
    0.0601     7      2.664318  2.790496 -0.799514 -0.929568  1.065865  1.074944  0.316054  0.384245 -0.369897 -0.426917
    0.0721     8      2.877498  2.948572 -1.023429 -1.106874  1.059527  0.963997  0.456131  0.607294 -0.466478 -0.495409
    0.0961     9      2.908685  2.788231 -1.067319 -0.929749  0.798631  0.583261  0.762714  0.916627 -0.465425 -0.389050
    0.1202    10      2.613767  2.406975 -0.720483 -0.463952  0.336103  0.072808  1.064422  1.202596 -0.279594 -0.149540
    0.1442    11      2.184672  1.959322 -0.181223  0.110497 -0.193801 -0.453745  1.328641  1.440914 -0.009761  0.130748
    0.1682    12      1.739727  1.338962  0.397782  0.922133 -0.699583 -1.129772  1.538486  1.688596  0.264956  0.494968
    0.2163    13      1.005233  0.740838  1.344790  1.650954 -1.462446 -1.694904  1.781040  1.822071  0.655538  0.739561
    0.2644    14      0.538384  0.387084  1.845132  1.941784 -1.835473 -1.897791  1.819838  1.782918  0.750960  0.699670
    0.3124    15      0.276017  0.195568  1.959242  1.916108 -1.897161 -1.848433  1.719450  1.636699  0.598208  0.459512
    0.3605    16      0.137885  0.067797  1.829336  1.579995 -1.764903 -1.536529  1.540879  1.329610  0.295701 -0.066238
    0.4566    17      0.032902  0.015621  1.295270  1.023146 -1.278270 -1.029021  1.115431  0.915737 -0.422204 -0.733714
    0.5527    18      0.007260  0.003324  0.786279  0.591773 -0.808207 -0.622890  0.739179  0.588711 -0.981621 -1.160696
    0.6489    19      0.001506  0.000677  0.438281  0.320578 -0.473052 -0.355130  0.463867  0.362357 -1.274387 -1.330856
    0.7450    20      0.000302  0.000060  0.232224  0.119367 -0.264184 -0.143293  0.281091  0.166467 -1.340243 -1.258528
    0.9372    21      0.000012  0.000002  0.060300  0.030147 -0.076334 -0.040208  0.097081  0.056017 -1.100505 -0.916270
    1.1295    22      0.000000  0.000000  0.014844  0.007129 -0.020967 -0.010732  0.032057  0.018178 -0.735987 -0.575146
    1.3218    23      0.000000  0.000000  0.003359  0.001561 -0.005392 -0.002673  0.010167  0.005618 -0.439755 -0.330303
    1.5140    24      0.000000  0.000000  0.000718  0.000148 -0.001311 -0.000309  0.003077  0.000905 -0.244436 -0.129122
    1.8985    25      0.000000  0.000000  0.000030  0.000006 -0.000071 -0.000016  0.000261  0.000074 -0.065654 -0.032395
    2.2830    26      0.000000  0.000000  0.000001  0.000000 -0.000004 -0.000001  0.000021  0.000006 -0.015581 -0.007307
    2.6675    27      0.000000  0.000000  0.000000  0.000000 -0.000000 -0.000000  0.000002  0.000000 -0.003356 -0.001518
    3.0520    28      0.000000  0.000000  0.000000  0.000000 -0.000000 -0.000000  0.000000  0.000000 -0.000678 -0.000131
    3.8211    29      0.000000  0.000000  0.000000  0.000000 -0.000000 -0.000000  0.000000  0.000000 -0.000025 -0.000005
    4.5901    30      0.000000  0.000000  0.000000  0.000000 -0.000000 -0.000000  0.000000  0.000000 -0.000001 -0.000000
    5.3591    31      0.000000  0.000000  0.000000  0.000000 -0.000000 -0.000000  0.000000  0.000000 -0.000000 -0.000000
    6.1281    32      0.000000  0.000000  0.000000  0.000000  0.000000  0.000000  0.000000  0.000000 -0.000000 -0.000000
    7.6662    33      0.000000  0.000000  0.000000  0.000000  0.000000  0.000000  0.000000  0.000000 -0.000000 -0.000000
    9.2042    34      0.000000  0.000000  0.000000  0.000000  0.000000  0.000000  0.000000  0.000000 -0.000000 -0.000000
   10.7422    35      0.000000  0.000000  0.000000  0.000000  0.000000  0.000000  0.000000  0.000000 -0.000000 -0.000000
   12.2803    36      0.000000  0.000000  0.000000  0.000000  0.000000  0.000000  0.000000  0.000000  0.000000  0.000000
1Sn10+  4p64d4         nconf=  1      z= 50     ion=10     kut=-1      exf=0.650     corrf=1.000   ca1=0.700   ca0=0.500



                           pnl( 4p)            pnl( 4d) 
    r (a0)    nc          1         6         1         6         1         6         1         6         1         6


    0.0000     0      0.000000  0.006224  0.000000  0.000046
    0.0060     1      0.022362  0.045773  0.000345  0.001097
    0.0120     2      0.074401  0.106562  0.002457  0.004545
    0.0180     3      0.140863  0.176151  0.007448  0.011227
    0.0240     4      0.211470  0.279214  0.015923  0.028125
    0.0360     5      0.339449  0.389269  0.044035  0.063454
    0.0481     6      0.427054  0.452127  0.086057  0.111442
    0.0601     7      0.464497  0.464653  0.139162  0.168753
    0.0721     8      0.453421  0.401073  0.199748  0.264158
    0.0961     9      0.316914  0.210710  0.329067  0.391647
    0.1202    10      0.091511 -0.032820  0.449622  0.501252
    0.1442    11     -0.155795 -0.272348  0.545294  0.580932
    0.1682    12     -0.378656 -0.550704  0.607720  0.634403
    0.2163    13     -0.660883 -0.708488  0.626757  0.588496
    0.2644    14     -0.699029 -0.641211  0.524456  0.439815
    0.3124    15     -0.544927 -0.420011  0.339611  0.228484
    0.3605    16     -0.275544  0.041299  0.110549 -0.131767
    0.4566    17      0.355934  0.638068 -0.365436 -0.576560
    0.5527    18      0.871249  1.049442 -0.757016 -0.903283
    0.6489    19      1.173488  1.248307 -1.015094 -1.094323
    0.7450    20      1.280869  1.249670 -1.144124 -1.170768
    0.9372    21      1.136374  0.984553 -1.125958 -1.036902
    1.1295    22      0.823353  0.670122 -0.924656 -0.804231
    1.3218    23      0.533782  0.417763 -0.685598 -0.574861
    1.5140    24      0.322188  0.184892 -0.475316 -0.313936
    1.8985    25      0.102153  0.054786 -0.199800 -0.123462
    2.2830    26      0.028684  0.014714 -0.074473 -0.044027
    2.6675    27      0.007408  0.003672 -0.025588 -0.014654
    3.0520    28      0.001796  0.000417 -0.008286 -0.002565
    3.8211    29      0.000094  0.000021 -0.000767 -0.000223
    4.5901    30      0.000004  0.000001 -0.000063 -0.000018
    5.3591    31      0.000000  0.000000 -0.000005 -0.000001
    6.1281    32      0.000000  0.000000 -0.000000 -0.000000
    7.6662    33      0.000000  0.000000 -0.000000 -0.000000
    9.2042    34      0.000000  0.000000 -0.000000 -0.000000
   10.7422    35      0.000000  0.000000 -0.000000 -0.000000
   12.2803    36      0.000000  0.000000  0.000000  0.000000
1Sn10+  4p64d4         nconf=  1      z= 50     ion=10     kut=-1      exf=0.650     corrf=1.000   ca1=0.700   ca0=0.500






  nl   wnl         ee          az      (r-3)      (r-2)      (r-1)      (r+1)      (r+2)      (r+3)      (r+4)      (r+6)

  1s    2.   -2172.00856   1005.993  0.000E+00  6.062E+03  5.299E+01  2.909E-02  1.145E-03  5.695E-05  3.425E-06  1.963E-08
  2s    2.    -347.36657    340.262  0.000E+00  6.768E+02  1.212E+01  1.254E-01  1.854E-02  3.121E-03  5.919E-04  2.953E-05
  2p    6.    -313.34238   4069.747  4.496E+03  1.834E+02  1.159E+01  1.099E-01  1.472E-02  2.337E-03  4.299E-04  2.128E-05
  3s    2.     -81.40087    150.370  0.000E+00  1.339E+02  4.333E+00  3.369E-01  1.297E-01  5.508E-02  2.558E-02  7.136E-03
  3p    6.     -69.92507   1878.464  8.353E+02  3.617E+01  4.108E+00  3.354E-01  1.303E-01  5.639E-02  2.695E-02  8.151E-03
  3d   10.     -52.11416   4326.468  1.199E+02  1.885E+01  3.880E+00  3.125E-01  1.155E-01  4.961E-02  2.436E-02  8.372E-03
  4s    2.     -24.78567     68.852  0.000E+00  2.870E+01  1.755E+00  7.863E-01  6.943E-01  6.667E-01  6.905E-01  9.198E-01
  4p    6.     -20.82030    842.862  1.640E+02  7.702E+00  1.626E+00  8.307E-01  7.792E-01  7.984E-01  8.862E-01  1.372E+00
  4d    4.     -15.27381   1927.350  1.987E+01  3.641E+00  1.422E+00  9.172E-01  9.620E-01  1.116E+00  1.418E+00  2.953E+00

       40.                                      1.537E+04  2.908E+02  1.700E+01  1.224E+01  1.155E+01  1.283E+01  2.203E+01

        1.                                      3.842E+02  7.271E+00  4.251E-01  3.059E-01  2.888E-01  3.207E-01  5.507E-01



            --------------------zeta---------------------
  nl   wnl    ----blume-watson----     -----(r*vi)-----     i (ryd)      eps s       evel       edar   evel+edar    erel
                 (ryd)      (cm-1)     (ryd)      (cm-1)
  1s    2.      0.00000       0.000   0.00000       0.000-2585.18990 -2162.17097 -528.26957  440.07710  -88.192 -2250.36343
  2s    2.      0.00000       0.000   0.00000       0.000 -646.67971  -343.95786  -72.97663   48.92061  -24.056  -368.01388
  2p    6.     11.22434 1231729.037  11.52428 1264643.431 -630.19783  -312.17101   -9.42647    0.00164   -9.426  -321.59748
  3s    2.      0.00000       0.000   0.00000       0.000 -270.15732   -79.85950  -14.87258    9.51565   -5.357   -85.21643
  3p    6.      2.08289  228570.623   2.13353  234127.535 -261.36834   -69.26081   -2.29573    0.00175   -2.296   -71.55654
  3d   10.      0.24370   26742.446   0.25995   28526.203 -251.88579   -52.78180   -0.53389   -0.01432   -0.534   -53.31569
  4s    2.      0.00000       0.000   0.00000       0.000 -129.61086   -24.48225   -3.15729    1.99326   -1.164   -25.64629
  4p    6.      0.40864   44842.651   0.41800   45869.711 -122.28266   -20.98548   -0.48122    0.00046   -0.481   -21.46670
  4d    4.      0.04022    4413.919   0.04261    4676.244 -109.90164   -15.63883   -0.10616   -0.00222   -0.106   -15.74499
1Sn10+  4p64d4         nconf=  1      z= 50     ion=10     kut=-1      exf=0.650     corrf=1.000   ca1=0.700   ca0=0.500





0               without correlation                with correlation
              -----------------------           -----------------------
  nl   wnl       eps fg      eps fgr    corr       eps fg      eps fgr     n*r     n*rc     ect     ec-----------------

  1s    2.   -2171.92602  -2171.92602-0.08293  -2172.00895  -2172.00895  0.2360  0.2360  -0.08271   0.00000-0.0827
  2s    2.    -347.28415   -347.28415-0.08240   -347.36654   -347.36654  0.5903  0.5902  -0.23237  -0.06851-0.0811
  2p    6.    -313.26017   -313.26017-0.08248   -313.34265   -313.34265  0.6215  0.6214  -0.72473  -0.08179-0.0819-0.0821-0.0822
  3s    2.     -81.31949    -81.31949-0.08127    -81.40076    -81.40076  1.2198  1.2192  -0.87190  -0.06874-0.0784
  3p    6.     -69.84382    -69.84382-0.08128    -69.92510    -69.92510  1.3162  1.3155  -1.35159  -0.07921-0.0796-0.0799-0.0804
  3d   10.     -52.03274    -52.03274-0.08140    -52.11415    -52.11415  1.5249  1.5238  -2.16124  -0.08068-0.0808-0.0808-0.0812
  4s    2.     -24.70701    -24.70701-0.07829    -24.78530    -24.78530  2.2130  2.2095  -2.30257  -0.06723-0.0741
  4p    6.     -20.74246    -20.74246-0.07787    -20.82033    -20.82033  2.4153  2.4107  -2.75876  -0.07450-0.0754-0.0760-0.0770
  4d    4.     -15.19687    -15.19687-0.07680    -15.27366    -15.27366  2.8217  2.8146  -3.06440  -0.07597-0.0763-0.0766-0.0768

0                           ecorrt=  -3.22080 (old)              ect=  -3.06440 (new)     etotrl=      0.00000 +  0.00000 +  0.00000

      etot= -12279.75000 -12279.75000         -12282.97081 -12282.97081 -12282.81441 -12282.81441 -12282.81441


 Sn10+  4p64d4          4 -12282.8144 0  111.6601 1   75.1969 1    4.4139 2


0    t(run)=  0.04,     t(job)=   0.04 seconds
1
   Sn10+  4p54d5           nconf=  2    z= 50    ncores= 8    nvales= 1    ion=10    r(i)/x(i)=0.24031862      ca1=0.700

 tolstb=1.000   tolk-2=0.20000   tolend= 0.5E-07   thresh= 0.1E-10   kut=-1    exf=0.650   corrf=1.000      ca0= 0.500

0rcn mod 36  ihf1= 2        mesh= 641   idb= 641   rdb=1574.928   emx=   0.00   r(mesh)=1574.928     irel= 1     ib= 641
0hfr      energy = e(av)


0    t(run)=  0.04,     t(job)=   0.07 seconds
1Sn10+  4p54d5         nconf=  2      z= 50     ion=10     kut=-1      exf=0.650     corrf=1.000   ca1=0.700   ca0=0.500



                           rscore(i)           rsvale(i)           rsatom(i)           pnl( 1s)            pnl( 2s) 
    r (a0)    nc          1         6         1         6         1         6         1         6         1         6


    0.0000     0       0.00000   9.85654   0.00000   0.00000   0.00000   9.85654  0.000000  2.079698  0.000000  0.696699
    0.0060     1      26.59472  41.99808   0.00000   0.00001  26.59472  41.99809  3.418642  4.297044  1.126483  1.380824
    0.0120     2      53.36769  60.36494   0.00003   0.00010  53.36772  60.36505  4.839819  5.133512  1.500913  1.516499
    0.0180     3      63.65994  64.25604   0.00028   0.00063  63.66022  64.25668  5.242460  5.215719  1.450857  1.322753
    0.0240     4      63.15670  59.09070   0.00127   0.00398  63.15798  59.09468  5.091063  4.658028  1.147520  0.703839
    0.0360     5      55.93572  55.46174   0.00975   0.02025  55.94547  55.48198  4.104963  3.525703  0.196086 -0.325092
    0.0481     6      57.71579  61.90949   0.03724   0.06244  57.75303  61.97194  2.972122  2.470270 -0.826232 -1.286004
    0.0601     7      67.01750  72.10625   0.09737   0.14317  67.11487  72.24942  2.030616  1.654550 -1.692510 -2.040144
    0.0721     8      76.47692  81.57525   0.20058   0.35076  76.67750  81.92601  1.338484  0.861330 -2.327641 -2.730711
    0.0961     9      81.42629  77.30587   0.54426   0.77085  81.97055  78.07672  0.544981  0.340601 -2.933145 -2.976998
    0.1202    10      71.20065  64.92064   1.01582   1.26233  72.21647  66.18297  0.210924  0.129704 -2.904118 -2.751286
    0.1442    11      59.71977  56.23994   1.49368   1.69502  61.21344  57.93496  0.079300  0.048201 -2.548549 -2.319176
    0.1682    12      54.61662  55.90031   1.85462   2.02023  56.47123  57.92054  0.029098  0.010429 -2.080377 -1.619032
    0.2163    13      60.26864  64.40675   1.97084   1.73643  62.23947  66.14318  0.003678  0.001282 -1.218654 -0.895365
    0.2644    14      66.30265  65.30836   1.37787   0.96778  67.68052  66.27614  0.000443  0.000152 -0.646117 -0.459959
    0.3124    15      61.71402  56.27283   0.57584   0.25959  62.28986  56.53242  0.000052  0.000018 -0.324053 -0.226485
    0.3605    16      49.84648  36.89574   0.06000   0.08901  49.90649  36.98475  0.000006  0.000001 -0.157318 -0.074877
    0.4566    17      26.60782  19.96278   0.67555   1.67608  27.28337  21.63886  0.000000  0.000000 -0.035099 -0.016060
    0.5527    18      16.36603  14.72382   2.88435   4.10144  19.25038  18.82526  0.000000  0.000000 -0.007173 -0.003151
    0.6489    19      14.04144  13.63502   5.17424   6.00790  19.21568  19.64291  0.000000  0.000000 -0.001368 -0.000589
    0.7450    20      13.13191  11.40737   6.56152   6.85983  19.69342  18.26720  0.000000  0.000000 -0.000252 -0.000045
    0.9372    21       9.00297   6.54808   6.33565   5.36606  15.33862  11.91414  0.000000  0.000000 -0.000008 -0.000001
    1.1295    22       4.46387   2.89096   4.26220   3.22098   8.72607   6.11194  0.000000  0.000000 -0.000000 -0.000000
    1.3218    23       1.79668   1.07951   2.33871   1.64296   4.13539   2.72248  0.000000  0.000000 -0.000000 -0.000000
    1.5140    24       0.63058   0.20093   1.12248   0.48915   1.75306   0.69008  0.000000  0.000000 -0.000000 -0.000000
    1.8985    25       0.05957   0.01670   0.19797   0.07555   0.25755   0.09225  0.000000  0.000000 -0.000000 -0.000000
    2.2830    26       0.00447   0.00115   0.02748   0.00960   0.03195   0.01075  0.000000  0.000000 -0.000000 -0.000000
    2.6675    27       0.00029   0.00007   0.00324   0.00106   0.00353   0.00113  0.000000  0.000000 -0.000000 -0.000000
    3.0520    28       0.00002   0.00000   0.00034   0.00003   0.00036   0.00003  0.000000  0.000000  0.000000  0.000000
    3.8211    29       0.00000   0.00000   0.00000   0.00000   0.00000   0.00000  0.000000  0.000000  0.000000  0.000000
    4.5901    30       0.00000   0.00000   0.00000   0.00000   0.00000   0.00000  0.000000  0.000000  0.000000  0.000000
    5.3591    31       0.00000   0.00000   0.00000   0.00000   0.00000   0.00000  0.000000  0.000000  0.000000  0.000000
    6.1281    32       0.00000   0.00000   0.00000   0.00000   0.00000   0.00000  0.000000  0.000000  0.000000  0.000000
    7.6662    33       0.00000   0.00000   0.00000   0.00000   0.00000   0.00000  0.000000  0.000000  0.000000  0.000000
    9.2042    34       0.00000   0.00000   0.00000   0.00000   0.00000   0.00000  0.000000  0.000000  0.000000  0.000000
   10.7422    35       0.00000   0.00000   0.00000   0.00000   0.00000   0.00000  0.000000  0.000000  0.000000  0.000000
   12.2803    36       0.00000   0.00000   0.00000   0.00000   0.00000   0.00000  0.000000  0.000000  0.000000  0.000000
1Sn10+  4p54d5         nconf=  2      z= 50     ion=10     kut=-1      exf=0.650     corrf=1.000   ca1=0.700   ca0=0.500



                           pnl( 2p)            pnl( 3s)            pnl( 3p)            pnl( 3d)            pnl( 4s) 
    r (a0)    nc          1         6         1         6         1         6         1         6         1         6


    0.0000     0      0.000000  0.030077  0.000000  0.307394  0.000000  0.013867  0.000000  0.000104  0.000000  0.140917
    0.0060     1      0.108218  0.221951  0.495814  0.605485  0.049836  0.102042  0.000775  0.002464  0.227177  0.277209
    0.0120     2      0.361706  0.519754  0.654589  0.656370  0.165932  0.237786  0.005522  0.010217  0.299349  0.299681
    0.0180     3      0.689783  0.866632  0.621300  0.557917  0.314533  0.393631  0.016749  0.025259  0.283027  0.253325
    0.0240     4      1.046094  1.399881  0.473278  0.262738  0.472983  0.625894  0.035837  0.063363  0.213841  0.115970
    0.0360     5      1.731290  2.028220  0.025820 -0.212861  0.763094  0.878232  0.099331  0.143344  0.006227 -0.103877
    0.0481     6      2.284078  2.496146 -0.436414 -0.634050  0.967756  1.030161  0.194741  0.252688 -0.206379 -0.296223
    0.0601     7      2.664385  2.790548 -0.799444 -0.929471  1.065404  1.074477  0.316260  0.384491 -0.370423 -0.427508
    0.0721     8      2.877533  2.948572 -1.023308 -1.106715  1.059066  0.963580  0.456416  0.607656 -0.467106 -0.496037
    0.0961     9      2.908653  2.788177 -1.067139 -0.929568  0.798297  0.583041  0.763147  0.917120 -0.465967 -0.389445
    0.1202    10      2.613702  2.406909 -0.720319 -0.463819  0.336016  0.072865  1.064964  1.203174 -0.279801 -0.149539
    0.1442    11      2.184614  1.959277 -0.181130  0.110546 -0.193601 -0.453412  1.329245  1.441533 -0.009549  0.131161
    0.1682    12      1.739697  1.338963  0.397787  0.922069 -0.699131 -1.129150  1.539111  1.689209  0.265548  0.495837
    0.2163    13      1.005255  0.740870  1.344694  1.650865 -1.461751 -1.694226  1.781613  1.822583  0.656549  0.740577
    0.2644    14      0.538418  0.387113  1.845080  1.941785 -1.834886 -1.897343  1.820272  1.783259  0.751857  0.700349
    0.3124    15      0.276037  0.195581  1.959302  1.916221 -1.896880 -1.848327  1.719689  1.636828  0.598596  0.459568
    0.3605    16      0.137890  0.067790  1.829490  1.580184 -1.764966 -1.536880  1.540896  1.329403  0.295411 -0.067174
    0.4566    17      0.032890  0.015610  1.295430  1.023230 -1.278811 -1.029654  1.115017  0.915145 -0.423630 -0.735411
    0.5527    18      0.007252  0.003319  0.786263  0.591654 -0.808853 -0.623495  0.738445  0.587875 -0.983367 -1.162299
    0.6489    19      0.001503  0.000675  0.438073  0.320303 -0.473589 -0.355588  0.462972  0.361439 -1.275703 -1.331792
    0.7450    20      0.000302  0.000059  0.231908  0.119036 -0.264566 -0.143552  0.280184  0.165655 -1.340755 -1.258219
    0.9372    21      0.000012  0.000002  0.060011  0.029923 -0.076513 -0.040336  0.096415  0.055505 -1.099573 -0.914983
    1.1295    22      0.000000  0.000000  0.014690  0.007038 -0.021058 -0.010789  0.031684  0.017919 -0.734585 -0.573802
    1.3218    23      0.000000  0.000000  0.003310  0.001536 -0.005424 -0.002689  0.009998  0.005514 -0.438569 -0.329317
    1.5140    24      0.000000  0.000000  0.000705  0.000146 -0.001319 -0.000310  0.003015  0.000884 -0.243654 -0.128676
    1.8985    25      0.000000  0.000000  0.000029  0.000006 -0.000072 -0.000016  0.000255  0.000072 -0.065425 -0.032287
    2.2830    26      0.000000  0.000000  0.000001  0.000000 -0.000004 -0.000001  0.000020  0.000006 -0.015535 -0.007290
    2.6675    27      0.000000  0.000000  0.000000  0.000000 -0.000000 -0.000000  0.000002  0.000000 -0.003352 -0.001517
    3.0520    28      0.000000  0.000000  0.000000  0.000000 -0.000000 -0.000000  0.000000  0.000000 -0.000679 -0.000132
    3.8211    29      0.000000  0.000000  0.000000  0.000000 -0.000000 -0.000000  0.000000  0.000000 -0.000025 -0.000005
    4.5901    30      0.000000  0.000000  0.000000  0.000000 -0.000000 -0.000000  0.000000  0.000000 -0.000001 -0.000000
    5.3591    31      0.000000  0.000000  0.000000  0.000000 -0.000000 -0.000000  0.000000  0.000000 -0.000000 -0.000000
    6.1281    32      0.000000  0.000000  0.000000  0.000000  0.000000  0.000000  0.000000  0.000000 -0.000000 -0.000000
    7.6662    33      0.000000  0.000000  0.000000  0.000000  0.000000  0.000000  0.000000  0.000000 -0.000000 -0.000000
    9.2042    34      0.000000  0.000000  0.000000  0.000000  0.000000  0.000000  0.000000  0.000000 -0.000000 -0.000000
   10.7422    35      0.000000  0.000000  0.000000  0.000000  0.000000  0.000000  0.000000  0.000000 -0.000000 -0.000000
   12.2803    36      0.000000  0.000000  0.000000  0.000000  0.000000  0.000000  0.000000  0.000000  0.000000  0.000000
1Sn10+  4p54d5         nconf=  2      z= 50     ion=10     kut=-1      exf=0.650     corrf=1.000   ca1=0.700   ca0=0.500



                           pnl( 4p)            pnl( 4d) 
    r (a0)    nc          1         6         1         6         1         6         1         6         1         6


    0.0000     0      0.000000  0.006241  0.000000  0.000046
    0.0060     1      0.022423  0.045898  0.000346  0.001100
    0.0120     2      0.074603  0.106852  0.002464  0.004558
    0.0180     3      0.141246  0.176629  0.007469  0.011260
    0.0240     4      0.212043  0.279968  0.015968  0.028205
    0.0360     5      0.340362  0.390311  0.044160  0.063633
    0.0481     6      0.428191  0.453323  0.086298  0.111752
    0.0601     7      0.465716  0.465862  0.139548  0.169217
    0.0721     8      0.454589  0.402079  0.200292  0.264863
    0.0961     9      0.317677  0.211178  0.329926  0.392645
    0.1202    10      0.091657 -0.033001  0.450738  0.502461
    0.1442    11     -0.156293 -0.273139  0.546567  0.582240
    0.1682    12     -0.379707 -0.552153  0.609035  0.635647
    0.2163    13     -0.662552 -0.710201  0.627828  0.589310
    0.2644    14     -0.700628 -0.642566  0.524951  0.439949
    0.3124    15     -0.545939 -0.420616  0.339364  0.227853
    0.3605    16     -0.275704  0.042034  0.109548 -0.133421
    0.4566    17      0.357457  0.640174 -0.367573 -0.578978
    0.5527    18      0.873693  1.051979 -0.759520 -0.905697
    0.6489    19      1.175894  1.250396 -1.017275 -1.096166
    0.7450    20      1.282505  1.250179 -1.145558 -1.171310
    0.9372    21      1.135743  0.982989 -1.125669 -1.035959
    1.1295    22      0.821159  0.667601 -0.923276 -0.802618
    1.3218    23      0.531186  0.415274 -0.683917 -0.573230
    1.5140    24      0.319920  0.183199 -0.473810 -0.312777
    1.8985    25      0.101008  0.054064 -0.198985 -0.122923
    2.2830    26      0.028249  0.014460 -0.074131 -0.043817
    2.6675    27      0.007261  0.003588 -0.025462 -0.014580
    3.0520    28      0.001750  0.000404 -0.008243 -0.002552
    3.8211    29      0.000090  0.000020 -0.000763 -0.000222
    4.5901    30      0.000004  0.000001 -0.000063 -0.000018
    5.3591    31      0.000000  0.000000 -0.000005 -0.000001
    6.1281    32      0.000000  0.000000 -0.000000 -0.000000
    7.6662    33      0.000000  0.000000 -0.000000 -0.000000
    9.2042    34      0.000000  0.000000 -0.000000 -0.000000
   10.7422    35      0.000000  0.000000 -0.000000 -0.000000
   12.2803    36      0.000000  0.000000  0.000000  0.000000
1Sn10+  4p54d5         nconf=  2      z= 50     ion=10     kut=-1      exf=0.650     corrf=1.000   ca1=0.700   ca0=0.500






  nl   wnl         ee          az      (r-3)      (r-2)      (r-1)      (r+1)      (r+2)      (r+3)      (r+4)      (r+6)

  1s    2.   -2172.29408   1006.007  0.000E+00  6.062E+03  5.299E+01  2.909E-02  1.145E-03  5.694E-05  3.424E-06  1.963E-08
  2s    2.    -347.53101    340.279  0.000E+00  6.769E+02  1.212E+01  1.254E-01  1.854E-02  3.121E-03  5.918E-04  2.952E-05
  2p    6.    -313.51429   4070.002  4.497E+03  1.834E+02  1.159E+01  1.099E-01  1.472E-02  2.337E-03  4.299E-04  2.128E-05
  3s    2.     -81.53932    150.348  0.000E+00  1.338E+02  4.332E+00  3.369E-01  1.297E-01  5.506E-02  2.557E-02  7.124E-03
  3p    6.     -70.05377   1877.693  8.346E+02  3.614E+01  4.106E+00  3.355E-01  1.304E-01  5.645E-02  2.699E-02  8.169E-03
  3d   10.     -52.27186   4329.597  1.200E+02  1.886E+01  3.881E+00  3.123E-01  1.154E-01  4.951E-02  2.428E-02  8.319E-03
  4s    2.     -24.73675     68.944  0.000E+00  2.878E+01  1.757E+00  7.857E-01  6.932E-01  6.651E-01  6.884E-01  9.159E-01
  4p    5.     -20.94785    845.161  1.649E+02  7.737E+00  1.629E+00  8.293E-01  7.766E-01  7.943E-01  8.800E-01  1.356E+00
  4d    5.     -15.27811   1932.909  1.996E+01  3.653E+00  1.425E+00  9.159E-01  9.596E-01  1.112E+00  1.411E+00  2.935E+00

       40.                                      1.537E+04  2.907E+02  1.708E+01  1.239E+01  1.183E+01  1.329E+01  2.343E+01

        1.                                      3.841E+02  7.267E+00  4.269E-01  3.098E-01  2.956E-01  3.323E-01  5.859E-01



            --------------------zeta---------------------
  nl   wnl    ----blume-watson----     -----(r*vi)-----     i (ryd)      eps s       evel       edar   evel+edar    erel
                 (ryd)      (cm-1)     (ryd)      (cm-1)
  1s    2.      0.00000       0.000   0.00000       0.000-2585.19129 -2162.46108 -528.28799  440.09137  -88.197 -2250.65771
  2s    2.      0.00000       0.000   0.00000       0.000 -646.68582  -344.11895  -72.98542   48.92559  -24.060  -368.17878
  2p    6.     11.22567 1231874.973  11.52550 1264776.970 -630.19953  -312.34248   -9.42753    0.00168   -9.428  -321.77001
  3s    2.      0.00000       0.000   0.00000       0.000 -270.15439   -80.01188  -14.86844    9.51282   -5.356   -85.36750
  3p    6.      2.08118  228383.612   2.13178  233936.213 -261.32914   -69.41276   -2.29374    0.00177   -2.294   -71.70650
  3d   10.      0.24392   26767.394   0.26022   28556.210 -251.93360   -52.92994   -0.53447   -0.01433   -0.534   -53.46441
  4s    2.      0.00000       0.000   0.00000       0.000 -129.69089   -24.57323   -3.16581    1.99852   -1.167   -25.74052
  4p    5.      0.41085   45085.210   0.42026   46118.250 -122.43215   -21.07278   -0.48384    0.00048   -0.484   -21.55662
  4d    5.      0.04042    4435.755   0.04283    4699.519 -110.02114   -15.71620   -0.10671   -0.00224   -0.107   -15.82291
1Sn10+  4p54d5         nconf=  2      z= 50     ion=10     kut=-1      exf=0.650     corrf=1.000   ca1=0.700   ca0=0.500





0               without correlation                with correlation
              -----------------------           -----------------------
  nl   wnl       eps fg      eps fgr    corr       eps fg      eps fgr     n*r     n*rc     ect     ec-----------------

  1s    2.   -2172.21154  -2172.21154-0.08293  -2172.29448  -2172.29448  0.2360  0.2360  -0.08271   0.00000-0.0827
  2s    2.    -347.44860   -347.44860-0.08240   -347.53100   -347.53100  0.5901  0.5901  -0.23237  -0.06851-0.0811
  2p    6.    -313.43207   -313.43207-0.08248   -313.51456   -313.51456  0.6213  0.6212  -0.72473  -0.08179-0.0819-0.0821-0.0822
  3s    2.     -81.45793    -81.45793-0.08127    -81.53920    -81.53920  1.2188  1.2182  -0.87190  -0.06874-0.0784
  3p    6.     -69.97252    -69.97252-0.08128    -70.05380    -70.05380  1.3150  1.3142  -1.35158  -0.07921-0.0796-0.0799-0.0804
  3d   10.     -52.19045    -52.19045-0.08140    -52.27185    -52.27185  1.5226  1.5215  -2.16126  -0.08069-0.0808-0.0808-0.0812
  4s    2.     -24.65806    -24.65806-0.07830    -24.73636    -24.73636  2.2152  2.2117  -2.30260  -0.06723-0.0741
  4p    5.     -20.86997    -20.86997-0.07790    -20.94787    -20.94787  2.4079  2.4034  -2.68182  -0.07452-0.0754-0.0760-0.0768
  4d    5.     -15.20110    -15.20110-0.07685    -15.27795    -15.27795  2.8213  2.8142  -3.06350  -0.07570-0.0761-0.0764-0.0769

0                           ecorrt=  -3.22014 (old)              ect=  -3.06350 (new)     etotrl=      0.00000 +  0.00000 +  0.00000

      etot= -12274.22945 -12274.22945         -12277.44959 -12277.44959 -12277.29295 -12277.29295 -12277.29295


 Sn10+  4p54d5          8 -12277.2930 0  111.7715 1   75.2688 1   45.0852 2    4.4358 2
   117.4038 3  149.0877 4   93.6567 4


0    t(run)=  0.05,     t(job)=   0.09 seconds
1
   Sn10+  4d34f1           nconf=  3    z= 50    ncores= 9    nvales= 1    ion=10    r(i)/x(i)=0.24031862      ca1=0.700

 tolstb=1.000   tolk-2=0.20000   tolend= 0.5E-07   thresh= 0.1E-10   kut=-1    exf=0.650   corrf=1.000      ca0= 0.500

0rcn mod 36  ihf1= 2        mesh= 641   idb= 641   rdb=1574.928   emx=   0.00   r(mesh)=1574.928     irel= 1     ib= 641
0hfr      energy = e(av)


0    t(run)=  0.04,     t(job)=   0.13 seconds
1Sn10+  4d34f1         nconf=  3      z= 50     ion=10     kut=-1      exf=0.650     corrf=1.000   ca1=0.700   ca0=0.500



                           rscore(i)           rsvale(i)           rsatom(i)           pnl( 1s)            pnl( 2s) 
    r (a0)    nc          1         6         1         6         1         6         1         6         1         6


    0.0000     0       0.00000   9.85683   0.00000   0.00000   0.00000   9.85683  0.000000  2.079662  0.000000  0.696738
    0.0060     1      26.59592  42.00135   0.00000   0.00000  26.59592  42.00135  3.418584  4.296974  1.126546  1.380905
    0.0120     2      53.37493  60.37865   0.00000   0.00000  53.37493  60.37865  4.839745  5.133439  1.501005  1.516598
    0.0180     3      63.68301  64.29150   0.00000   0.00000  63.68301  64.29150  5.242393  5.215661  1.450960  1.322857
    0.0240     4      63.20748  59.17964   0.00000   0.00000  63.20748  59.17964  5.091016  4.658008  1.147623  0.703936
    0.0360     5      56.06959  55.64295   0.00000   0.00000  56.06959  55.64295  4.104971  3.525737  0.196171 -0.325024
    0.0481     6      57.94282  62.17805   0.00000   0.00001  57.94283  62.17806  2.972177  2.470342 -0.826184 -1.285980
    0.0601     7      67.32191  72.44078   0.00002   0.00003  67.32193  72.44081  2.030698  1.654638 -1.692512 -2.040172
    0.0721     8      76.83691  81.97998   0.00005   0.00013  76.83696  81.98012  1.338573  0.861411 -2.327695 -2.730812
    0.0961     9      81.88311  77.83847   0.00031   0.00062  81.88342  77.83909  0.545047  0.340650 -2.933277 -2.977140
    0.1202    10      71.84186  65.70348   0.00115   0.00197  71.84301  65.70545  0.210957  0.129724 -2.904249 -2.751386
    0.1442    11      60.66951  57.36866   0.00317   0.00486  60.67269  57.37351  0.079311  0.048205 -2.548605 -2.319181
    0.1682    12      55.92070  57.48451   0.00712   0.01380  55.92782  57.49831  0.029099  0.010428 -2.080329 -1.618890
    0.2163    13      61.96848  66.02840   0.02393   0.03813  61.99242  66.06653  0.003677  0.001282 -1.218451 -0.895138
    0.2644    14      67.67967  66.33737   0.05682   0.08022  67.73648  66.41759  0.000443  0.000152 -0.645894 -0.459758
    0.3124    15      62.36717  56.59241   0.10837   0.14114  62.47554  56.73355  0.000052  0.000018 -0.323881 -0.226344
    0.3605    16      49.92909  36.91155   0.17821   0.26341  50.10730  37.17496  0.000006  0.000001 -0.157205 -0.074806
    0.4566    17      27.11568  21.37797   0.35929   0.46026  27.47497  21.83823  0.000000  0.000000 -0.035054 -0.016031
    0.5527    18      18.88401  18.33261   0.56064   0.65532  19.44466  18.98794  0.000000  0.000000 -0.007155 -0.003141
    0.6489    19      18.57813  18.85250   0.74019   0.81227  19.31832  19.66477  0.000000  0.000000 -0.001363 -0.000586
    0.7450    20      18.75643  17.10626   0.86980   0.93898  19.62623  18.04524  0.000000  0.000000 -0.000251 -0.000045
    0.9372    21      14.09020  10.71224   0.95064   0.91514  15.04084  11.62738  0.000000  0.000000 -0.000008 -0.000001
    1.1295    22       7.66452   5.23618   0.84561   0.75502   8.51013   5.99120  0.000000  0.000000 -0.000000 -0.000000
    1.3218    23       3.45158   2.21213   0.65459   0.55308   4.10616   2.76521  0.000000  0.000000 -0.000000 -0.000000
    1.5140    24       1.38627   0.51715   0.45675   0.29346   1.84302   0.81061  0.000000  0.000000 -0.000000 -0.000000
    1.8985    25       0.18344   0.06274   0.17617   0.09988   0.35961   0.16262  0.000000  0.000000 -0.000000 -0.000000
    2.2830    26       0.02087   0.00678   0.05394   0.02793   0.07481   0.03471  0.000000  0.000000 -0.000000 -0.000000
    2.6675    27       0.00216   0.00068   0.01395   0.00674   0.01611   0.00742  0.000000  0.000000 -0.000000 -0.000000
    3.0520    28       0.00021   0.00002   0.00317   0.00065   0.00338   0.00067  0.000000  0.000000  0.000000  0.000000
    3.8211    29       0.00000   0.00000   0.00012   0.00002   0.00013   0.00002  0.000000  0.000000  0.000000  0.000000
    4.5901    30       0.00000   0.00000   0.00000   0.00000   0.00000   0.00000  0.000000  0.000000  0.000000  0.000000
    5.3591    31       0.00000   0.00000   0.00000   0.00000   0.00000   0.00000  0.000000  0.000000  0.000000  0.000000
    6.1281    32       0.00000   0.00000   0.00000   0.00000   0.00000   0.00000  0.000000  0.000000  0.000000  0.000000
    7.6662    33       0.00000   0.00000   0.00000   0.00000   0.00000   0.00000  0.000000  0.000000  0.000000  0.000000
    9.2042    34       0.00000   0.00000   0.00000   0.00000   0.00000   0.00000  0.000000  0.000000  0.000000  0.000000
   10.7422    35       0.00000   0.00000   0.00000   0.00000   0.00000   0.00000  0.000000  0.000000  0.000000  0.000000
   12.2803    36       0.00000   0.00000   0.00000   0.00000   0.00000   0.00000  0.000000  0.000000  0.000000  0.000000
   15.3564    37       0.00000   0.00000   0.00000   0.00000   0.00000   0.00000  0.000000  0.000000  0.000000  0.000000
   18.4324    38       0.00000   0.00000   0.00000   0.00000   0.00000   0.00000  0.000000  0.000000  0.000000  0.000000
   21.5085    39       0.00000   0.00000   0.00000   0.00000   0.00000   0.00000  0.000000  0.000000  0.000000  0.000000
   24.5846    40       0.00000   0.00000   0.00000   0.00000   0.00000   0.00000  0.000000  0.000000  0.000000  0.000000
1Sn10+  4d34f1         nconf=  3      z= 50     ion=10     kut=-1      exf=0.650     corrf=1.000   ca1=0.700   ca0=0.500



                           pnl( 2p)            pnl( 3s)            pnl( 3p)            pnl( 3d)            pnl( 4s) 
    r (a0)    nc          1         6         1         6         1         6         1         6         1         6


    0.0000     0      0.000000  0.030079  0.000000  0.307652  0.000000  0.013885  0.000000  0.000104  0.000000  0.141137
    0.0060     1      0.108224  0.221963  0.496230  0.605994  0.049899  0.102171  0.000775  0.002466  0.227532  0.277643
    0.0120     2      0.361726  0.519783  0.655139  0.656922  0.166142  0.238087  0.005525  0.010223  0.299818  0.300151
    0.0180     3      0.689822  0.866683  0.621823  0.558387  0.314931  0.394128  0.016758  0.025272  0.283471  0.253723
    0.0240     4      1.046156  1.399967  0.473678  0.262962  0.473579  0.626679  0.035856  0.063397  0.214178  0.116155
    0.0360     5      1.731403  2.028359  0.025846 -0.213034  0.764045  0.879316  0.099384  0.143422  0.006242 -0.104033
    0.0481     6      2.284241  2.496333 -0.436771 -0.634569  0.968938  1.031400  0.194848  0.252829 -0.206693 -0.296675
    0.0601     7      2.664592  2.790771 -0.800095 -0.930220  1.066662  1.075714  0.316438  0.384709 -0.370988 -0.428156
    0.0721     8      2.877768  2.948812 -1.024121 -1.107554  1.060244  0.964545  0.456677  0.608008 -0.467809 -0.496763
    0.0961     9      2.908875  2.788357 -1.067879 -0.930109  0.798942  0.583292  0.763591  0.917654 -0.466616 -0.389936
    0.1202    10      2.613820  2.406951 -0.720590 -0.463778  0.335836  0.072246  1.065577  1.203852 -0.280079 -0.149573
    0.1442    11      2.184574  1.959154 -0.180765  0.111222 -0.194641 -0.454830  1.329968  1.442280 -0.009331  0.131619
    0.1682    12      1.739498  1.338644  0.398743  0.923434 -0.700871 -1.131323  1.539859  1.689895  0.266221  0.496814
    0.2163    13      1.004868  0.740465  1.346232  1.652352 -1.464064 -1.696417  1.782163  1.822945  0.657638  0.741587
    0.2644    14      0.538032  0.386770  1.846339  1.942700 -1.836749 -1.898745  1.820421  1.783197  0.752632  0.700776
    0.3124    15      0.275750  0.195350  1.959817  1.916332 -1.897752 -1.848653  1.719433  1.636412  0.598609  0.459141
    0.3605    16      0.137714  0.067702  1.829226  1.579342 -1.764774 -1.535824  1.540357  1.328745  0.294548 -0.068805
    0.4566    17      0.032857  0.015601  1.294274  1.021989 -1.277185 -1.027736  1.114385  0.914638 -0.425801 -0.737882
    0.5527    18      0.007252  0.003321  0.785093  0.590641 -0.806859 -0.621570  0.738114  0.587731 -0.985909 -1.164717
    0.6489    19      0.001504  0.000676  0.437247  0.319660 -0.471815 -0.354004  0.462999  0.361607 -1.277839 -1.333527
    0.7450    20      0.000302  0.000060  0.231428  0.118792 -0.263181 -0.142532  0.280457  0.166040 -1.342008 -1.258395
    0.9372    21      0.000012  0.000002  0.059903  0.029882 -0.075781 -0.039821  0.096816  0.055869 -1.098712 -0.913285
    1.1295    22      0.000000  0.000000  0.014676  0.007031 -0.020706 -0.010567  0.031986  0.018150 -0.732328 -0.571271
    1.3218    23      0.000000  0.000000  0.003306  0.001534 -0.005295 -0.002619  0.010154  0.005610 -0.436005 -0.326896
    1.5140    24      0.000000  0.000000  0.000704  0.000145 -0.001282 -0.000301  0.003071  0.000901 -0.241483 -0.127123
    1.8985    25      0.000000  0.000000  0.000029  0.000006 -0.000069 -0.000016  0.000259  0.000074 -0.064429 -0.031696
    2.2830    26      0.000000  0.000000  0.000001  0.000000 -0.000003 -0.000001  0.000021  0.000006 -0.015202 -0.007109
    2.6675    27      0.000000  0.000000  0.000000  0.000000 -0.000000 -0.000000  0.000002  0.000000 -0.003256 -0.001469
    3.0520    28      0.000000  0.000000  0.000000  0.000000 -0.000000 -0.000000  0.000000  0.000000 -0.000655 -0.000126
    3.8211    29      0.000000  0.000000  0.000000  0.000000 -0.000000 -0.000000  0.000000  0.000000 -0.000024 -0.000004
    4.5901    30      0.000000  0.000000  0.000000  0.000000 -0.000000 -0.000000  0.000000  0.000000 -0.000001 -0.000000
    5.3591    31      0.000000  0.000000  0.000000  0.000000 -0.000000 -0.000000  0.000000  0.000000 -0.000000 -0.000000
    6.1281    32      0.000000  0.000000  0.000000  0.000000  0.000000  0.000000  0.000000  0.000000 -0.000000 -0.000000
    7.6662    33      0.000000  0.000000  0.000000  0.000000  0.000000  0.000000  0.000000  0.000000 -0.000000 -0.000000
    9.2042    34      0.000000  0.000000  0.000000  0.000000  0.000000  0.000000  0.000000  0.000000 -0.000000 -0.000000
   10.7422    35      0.000000  0.000000  0.000000  0.000000  0.000000  0.000000  0.000000  0.000000 -0.000000 -0.000000
   12.2803    36      0.000000  0.000000  0.000000  0.000000  0.000000  0.000000  0.000000  0.000000  0.000000  0.000000
   15.3564    37      0.000000  0.000000  0.000000  0.000000  0.000000  0.000000  0.000000  0.000000  0.000000  0.000000
   18.4324    38      0.000000  0.000000  0.000000  0.000000  0.000000  0.000000  0.000000  0.000000  0.000000  0.000000
   21.5085    39      0.000000  0.000000  0.000000  0.000000  0.000000  0.000000  0.000000  0.000000  0.000000  0.000000
   24.5846    40      0.000000  0.000000  0.000000  0.000000  0.000000  0.000000  0.000000  0.000000  0.000000  0.000000
1Sn10+  4d34f1         nconf=  3      z= 50     ion=10     kut=-1      exf=0.650     corrf=1.000   ca1=0.700   ca0=0.500



                           pnl( 4p)            pnl( 4d)            pnl( 4f) 
    r (a0)    nc          1         6         1         6         1         6         1         6         1         6


    0.0000     0      0.000000  0.006245  0.000000  0.000046  0.000000  0.000000
    0.0060     1      0.022437  0.045925  0.000347  0.001104  0.000001  0.000004
    0.0120     2      0.074647  0.106914  0.002474  0.004577  0.000011  0.000026
    0.0180     3      0.141328  0.176731  0.007500  0.011306  0.000051  0.000091
    0.0240     4      0.212165  0.280126  0.016035  0.028322  0.000150  0.000341
    0.0360     5      0.340550  0.390521  0.044344  0.063898  0.000659  0.001140
    0.0481     6      0.428412  0.453546  0.086658  0.112219  0.001817  0.002722
    0.0601     7      0.465929  0.466056  0.140130  0.169923  0.003885  0.005332
    0.0721     8      0.454753  0.402156  0.201127  0.265967  0.007087  0.011593
    0.0961     9      0.317640  0.211009  0.331297  0.394268  0.017524  0.024952
    0.1202    10      0.091351 -0.033438  0.452586  0.504500  0.033905  0.044376
    0.1442    11     -0.156843 -0.273779  0.548755  0.584532  0.056327  0.069697
    0.1682    12     -0.380406 -0.552867  0.611382  0.637965  0.084407  0.117471
    0.2163    13     -0.663143 -0.710549  0.629947  0.591090  0.154706  0.195272
    0.2644    14     -0.700648 -0.642209  0.526287  0.440772  0.238360  0.283224
    0.3124    15     -0.545189 -0.419485  0.339636  0.227562  0.329197  0.375681
    0.3605    16     -0.274226  0.044059  0.108700 -0.135302  0.422149  0.513237
    0.4566    17      0.359787  0.642589 -0.370322 -0.582391  0.599410  0.678426
    0.5527    18      0.876009  1.054060 -0.763375 -0.909772  0.748760  0.809521
    0.6489    19      1.177650  1.251775 -1.021357 -1.100059  0.860340  0.901262
    0.7450    20      1.283483  1.250371 -1.149089 -1.173708  0.932629  0.969010
    0.9372    21      1.135251  0.981971 -1.126607 -1.035366  0.975007  0.956628
    1.1295    22      0.819794  0.666059 -0.921287 -0.799503  0.919571  0.868921
    1.3218    23      0.529611  0.413772 -0.680008 -0.568860  0.809065  0.743693
    1.5140    24      0.318560  0.182207 -0.469275 -0.308558  0.675830  0.541719
    1.8985    25      0.100362  0.053677 -0.195536 -0.120341  0.419721  0.316041
    2.2830    26      0.028032  0.014347 -0.072316 -0.042600  0.232248  0.167128
    2.6675    27      0.007208  0.003565 -0.024674 -0.014083  0.118095  0.082126
    3.0520    28      0.001740  0.000402 -0.007932 -0.002434  0.056315  0.025542
    3.8211    29      0.000090  0.000020 -0.000721 -0.000208  0.011129  0.004692
    4.5901    30      0.000004  0.000001 -0.000058 -0.000016  0.001925  0.000772
    5.3591    31      0.000000  0.000000 -0.000004 -0.000001  0.000303  0.000117
    6.1281    32      0.000000  0.000000 -0.000000 -0.000000  0.000045  0.000006
    7.6662    33      0.000000  0.000000 -0.000000 -0.000000  0.000001  0.000000
    9.2042    34      0.000000  0.000000 -0.000000 -0.000000  0.000000  0.000000
   10.7422    35      0.000000  0.000000 -0.000000 -0.000000  0.000000  0.000000
   12.2803    36      0.000000  0.000000  0.000000  0.000000  0.000000  0.000000
   15.3564    37      0.000000  0.000000  0.000000  0.000000  0.000000  0.000000
   18.4324    38      0.000000  0.000000  0.000000  0.000000  0.000000  0.000000
   21.5085    39      0.000000  0.000000  0.000000  0.000000  0.000000  0.000000
   24.5846    40      0.000000  0.000000  0.000000  0.000000  0.000000  0.000000
1Sn10+  4d34f1         nconf=  3      z= 50     ion=10     kut=-1      exf=0.650     corrf=1.000   ca1=0.700   ca0=0.500






  nl   wnl         ee          az      (r-3)      (r-2)      (r-1)      (r+1)      (r+2)      (r+3)      (r+4)      (r+6)

  1s    2.   -2172.46333   1005.989  0.000E+00  6.062E+03  5.299E+01  2.909E-02  1.145E-03  5.695E-05  3.425E-06  1.963E-08
  2s    2.    -347.79470    340.298  0.000E+00  6.770E+02  1.212E+01  1.254E-01  1.854E-02  3.120E-03  5.916E-04  2.950E-05
  2p    6.    -313.77688   4070.220  4.497E+03  1.834E+02  1.159E+01  1.098E-01  1.472E-02  2.336E-03  4.295E-04  2.125E-05
  3s    2.     -81.68156    150.474  0.000E+00  1.341E+02  4.336E+00  3.368E-01  1.296E-01  5.498E-02  2.551E-02  7.105E-03
  3p    6.     -70.20845   1880.075  8.366E+02  3.622E+01  4.111E+00  3.351E-01  1.301E-01  5.626E-02  2.686E-02  8.105E-03
  3d   10.     -52.40775   4331.864  1.201E+02  1.887E+01  3.882E+00  3.123E-01  1.154E-01  4.951E-02  2.429E-02  8.342E-03
  4s    2.     -24.90773     69.051  0.000E+00  2.886E+01  1.760E+00  7.846E-01  6.911E-01  6.620E-01  6.838E-01  9.056E-01
  4p    6.     -20.91608    845.656  1.651E+02  7.745E+00  1.631E+00  8.286E-01  7.751E-01  7.919E-01  8.763E-01  1.348E+00
  4d    3.     -15.44311   1940.938  2.011E+01  3.676E+00  1.430E+00  9.130E-01  9.532E-01  1.100E+00  1.391E+00  2.866E+00
  4f    1.      -9.58568    658.764  2.485E+00  1.449E+00  1.084E+00  1.103E+00  1.418E+00  2.080E+00  3.425E+00  1.250E+01

       40.                                      1.537E+04  2.906E+02  1.716E+01  1.263E+01  1.242E+01  1.468E+01  3.114E+01

        1.                                      3.842E+02  7.265E+00  4.289E-01  3.158E-01  3.105E-01  3.671E-01  7.786E-01



            --------------------zeta---------------------
  nl   wnl    ----blume-watson----     -----(r*vi)-----     i (ryd)      eps s       evel       edar   evel+edar    erel
                 (ryd)      (cm-1)     (ryd)      (cm-1)
  1s    2.      0.00000       0.000   0.00000       0.000-2585.18965 -2162.62460 -528.26699  440.07426  -88.193 -2250.81732
  2s    2.      0.00000       0.000   0.00000       0.000 -646.69110  -344.38950  -72.99259   48.93111  -24.061  -368.45098
  2p    6.     11.22671 1231989.259  11.52679 1264919.266 -630.21144  -312.61230   -9.42883    0.00177   -9.429  -322.04113
  3s    2.      0.00000       0.000   0.00000       0.000 -270.22206   -80.13848  -14.89363    9.52880   -5.365   -85.50331
  3p    6.      2.08630  228945.427   2.13701  234509.482 -261.44960   -69.54263   -2.29986    0.00176   -2.300   -71.84250
  3d   10.      0.24420   26797.946   0.26047   28583.688 -251.96311   -53.08134   -0.53506   -0.01432   -0.535   -53.61640
  4s    2.      0.00000       0.000   0.00000       0.000 -129.80498   -24.64564   -3.17578    2.00478   -1.171   -25.81664
  4p    6.      0.41128   45132.557   0.42070   46166.032 -122.50397   -21.14235   -0.48452    0.00045   -0.485   -21.62687
  4d    3.      0.04074    4471.203   0.04317    4736.867 -110.27211   -15.78760   -0.10761   -0.00225   -0.108   -15.89520
  4f    1.      0.00270     295.908   0.00319     350.306  -89.07609   -10.01117   -0.01126   -0.00044   -0.011   -10.02243
1Sn10+  4d34f1         nconf=  3      z= 50     ion=10     kut=-1      exf=0.650     corrf=1.000   ca1=0.700   ca0=0.500





0               without correlation                with correlation
              -----------------------           -----------------------
  nl   wnl       eps fg      eps fgr    corr       eps fg      eps fgr     n*r     n*rc     ect     ec-----------------

  1s    2.   -2172.38078  -2172.38078-0.08293  -2172.46371  -2172.46371  0.2360  0.2360  -0.08271   0.00000-0.0827
  2s    2.    -347.71229   -347.71229-0.08240   -347.79468   -347.79468  0.5899  0.5898  -0.23237  -0.06852-0.0812
  2p    6.    -313.69469   -313.69469-0.08248   -313.77717   -313.77717  0.6211  0.6210  -0.72474  -0.08179-0.0819-0.0821-0.0822
  3s    2.     -81.60017    -81.60017-0.08128    -81.68144    -81.68144  1.2177  1.2171  -0.87193  -0.06876-0.0784
  3p    6.     -70.12719    -70.12719-0.08128    -70.20847    -70.20847  1.3136  1.3128  -1.35163  -0.07921-0.0797-0.0799-0.0804
  3d   10.     -52.32634    -52.32634-0.08141    -52.40774    -52.40774  1.5207  1.5195  -2.16130  -0.08069-0.0808-0.0808-0.0812
  4s    2.     -24.82901    -24.82901-0.07830    -24.90731    -24.90731  2.2076  2.2041  -2.30274  -0.06730-0.0741
  4p    6.     -20.83817    -20.83817-0.07790    -20.91607    -20.91607  2.4097  2.4052  -2.75905  -0.07453-0.0754-0.0760-0.0771
  4d    3.     -15.36600    -15.36600-0.07693    -15.44293    -15.44293  2.8062  2.7992  -2.98803  -0.07602-0.0763-0.0766
  4f    1.      -9.51214     -9.51214-0.07352     -9.58566     -9.58566  3.5666  3.5529  -3.06155  -0.07352

0                           ecorrt=  -3.21818 (old)              ect=  -3.06155 (new)     etotrl=      0.00000 +  0.00000 +  0.00000

      etot= -12274.10366 -12274.10366         -12277.32184 -12277.32184 -12277.16521 -12277.16521 -12277.16521


 Sn10+  4d34f1         10 -12277.1652 0  112.1565 1   75.5545 1    4.4712 2    0.2959 2
    98.3656 3   63.9500 3  117.7448 4   74.5632 4   52.9552 4


0    t(run)=  0.05,     t(job)=   0.14 seconds
